,ch1,ch2,ch3,ch4
0,5.552443981170654,-98.36451721191406,-9.266518592834473,113.63003540039062
1,1.7446253299713135,353.29693603515625,0.5884324312210083,226.1304168701172
2,-5.922500133514404,413.29534912109375,0.5149866938591003,132.15647888183594
3,2.819024085998535,198.0257568359375,-4.027698993682861,-329.31268310546875
4,-2.5881760120391846,107.37895965576172,7.4246296882629395,-812.095703125
5,5.444588661193848,256.4705810546875,-9.721170425415039,-972.1643676757812
6,2.008435010910034,221.4119110107422,2.019200563430786,-735.6748657226562
7,-4.209805488586426,-187.8788299560547,2.962686061859131,-371.9739990234375
8,2.844248056411743,-626.1319580078125,-3.024034261703491,-46.36306381225586
9,-3.72377347946167,-602.8060913085938,6.638535976409912,122.22274780273438
10,5.9887776374816895,-88.6925277709961,-12.040825843811035,197.59193420410156
11,3.2470662593841553,375.4903564453125,-1.5584912300109863,359.37713623046875
12,-5.226382255554199,419.01953125,1.9058735370635986,290.3559875488281
13,0.17691515386104584,181.37716674804688,0.09682556986808777,-132.165771484375
14,-5.769626617431641,101.90381622314453,9.994271278381348,-588.930908203125
15,5.026193618774414,262.75958251953125,-10.256136894226074,-760.8847045898438
16,1.1973308324813843,214.5658721923828,0.7880600094795227,-525.8143310546875
17,-8.593191146850586,-193.71871948242188,4.288885116577148,-151.5240020751953
18,-0.7993760704994202,-621.4503173828125,1.3865920305252075,154.92820739746094
19,-5.237857818603516,-607.5114135742188,11.410947799682617,304.0294189453125
