,ch1,ch2,ch3,ch4
0,8.196589469909668,100.71880340576172,-10.531010627746582,-332.05596923828125
1,-1.0819841623306274,268.43450927734375,8.300430297851562,-514.2297973632812
2,1.6986885070800781,547.2246704101562,-6.418454647064209,-353.6505126953125
3,5.275732517242432,561.6018676757812,-7.608510494232178,-59.55913543701172
4,-11.629202842712402,-41.665870666503906,10.99644660949707,181.39381408691406
5,1.0227508544921875,-686.1416625976562,-0.5802385807037354,176.43780517578125
6,5.645593166351318,-730.69091796875,0.07420863211154938,140.40318298339844
7,2.435068368911743,-492.85516357421875,-11.216150283813477,280.56573486328125
8,-4.3072896003723145,-431.6567077636719,7.37153434753418,364.2288513183594
9,-11.081558227539062,-363.5469665527344,14.395696640014648,121.58058166503906
10,4.859565734863281,-170.3916778564453,-9.754293441772461,-330.8012390136719
11,0.2003718912601471,115.99397277832031,6.955041885375977,-524.5576171875
12,2.8535220623016357,492.30657958984375,-6.794309616088867,-358.6539001464844
13,5.781712532043457,534.1376342773438,-8.930231094360352,-56.5594482421875
14,-8.945090293884277,213.21939086914062,8.927399635314941,178.0870361328125
15,0.1100849136710167,74.1214370727539,-0.809359073638916,176.6006622314453
16,0.7103439569473267,133.5938262939453,1.849962592124939,153.24310302734375
17,2.7585363388061523,116.24820709228516,-10.187352180480957,287.7957458496094
18,0.2569543123245239,-11.324472427368164,4.13119649887085,357.6773986816406
19,-8.677719116210938,-55.53926086425781,13.147771835327148,121.13970184326172
