,ch1,ch2,ch3,ch4
0,1.6374280452728271,-638.672607421875,-2.7504968643188477,186.7210693359375
1,-2.748215436935425,-602.2500610351562,6.997978210449219,313.3427734375
2,2.883423328399658,-142.2455291748047,-7.469651222229004,364.89422607421875
3,0.9471222162246704,239.68753051757812,3.224174737930298,522.2391967773438
4,-9.26242446899414,448.58209228515625,10.685454368591309,447.0572509765625
5,2.0882668495178223,501.13409423828125,-0.8170231580734253,-39.26847457885742
6,-0.6404204964637756,351.9180603027344,8.00210189819336,-516.4048461914062
7,5.67288875579834,201.02133178710938,-9.782421112060547,-685.44970703125
8,5.518757343292236,-21.237506866455078,-0.9714350700378418,-485.3163146972656
9,-6.844552993774414,-340.8231506347656,7.52384090423584,-112.15933227539062
10,1.199757695198059,-634.1703491210938,-3.203000783920288,188.0695343017578
11,-2.046337366104126,-597.7267456054688,5.6779303550720215,314.04583740234375
12,1.3677165508270264,-142.19432067871094,-13.004205703735352,366.9324951171875
13,-1.7927131652832031,232.77642822265625,-2.2736637592315674,523.6969604492188
14,-10.706840515136719,438.8904113769531,8.676626205444336,447.02801513671875
15,2.67242693901062,733.3516235351562,-4.775154113769531,-41.10154342651367
16,1.0045808553695679,1030.5830078125,3.522709369659424,-517.748046875
17,6.063682556152344,982.114501953125,-12.112698554992676,-686.1817626953125
18,5.783362865447998,503.2337341308594,-2.225238084793091,-484.82073974609375
19,-3.8677964210510254,-57.98735046386719,9.00983715057373,-110.03423309326172
