,ch1,ch2,ch3,ch4
0,4.897902965545654,-285.3706359863281,-6.611985683441162,476.7282409667969
1,0.8814076781272888,226.43846130371094,2.181222677230835,527.9662475585938
2,-8.18693733215332,550.0755004882812,9.444341659545898,372.3075866699219
3,3.3739821910858154,445.1852722167969,-2.2986867427825928,6.939586162567139
4,0.5112406015396118,307.38372802734375,5.224767684936523,-484.5174865722656
5,6.176251411437988,304.39312744140625,-11.788805961608887,-766.5831909179688
6,3.438897132873535,1.3076046705245972,-3.2994565963745117,-502.5697021484375
7,-8.62712287902832,-385.4977111816406,4.793852806091309,-80.00360870361328
8,-0.79090416431427,-559.1693725585938,-2.850367784500122,129.00428771972656
9,-2.4332549571990967,-531.3954467773438,6.813329696655273,261.7499694824219
10,6.0425286293029785,-196.8805389404297,-8.49573040008545,394.8504638671875
11,4.723814010620117,259.0580139160156,1.8579400777816772,496.24188232421875
12,-6.589517116546631,541.1107177734375,9.065574645996094,377.6473693847656
13,2.423058271408081,483.4084167480469,-0.38587597012519836,-26.21441650390625
14,1.5784541368484497,335.95379638671875,6.10194730758667,-503.96258544921875
15,7.0217204093933105,275.34197998046875,-14.313340187072754,-738.6773681640625
16,1.8678998947143555,-1.5866577625274658,-3.104818105697632,-501.0002136230469
17,-9.039466857910156,-364.0417175292969,7.577220439910889,-96.9294662475586
18,0.7237576246261597,-585.5484008789062,-3.4202635288238525,154.77076721191406
19,-1.88347327709198,-557.2661743164062,5.702577114105225,287.4949951171875
