,ch1,ch2,ch3,ch4
0,2.9324817657470703,-16.460357666015625,-4.610488414764404,121.13813018798828
1,3.810692071914673,51.09357452392578,-3.1984100341796875,5.307486057281494
2,-5.102725982666016,145.646240234375,6.85296106338501,-177.34487915039062
3,-3.838477849960327,113.75540924072266,1.486259937286377,-307.0331115722656
4,-4.523285865783691,2.0207669734954834,4.783688068389893,-197.52613830566406
5,2.3434324264526367,-123.62627410888672,-7.775866508483887,80.63871765136719
6,6.119666576385498,-164.64999389648438,-8.616284370422363,223.76162719726562
7,-3.613772392272949,-39.05397033691406,3.9009177684783936,154.017578125
8,0.2563982903957367,37.71588897705078,-0.7311963438987732,26.843103408813477
9,0.11929616332054138,9.5317964553833,1.6386600732803345,62.07844161987305
10,-2.1988890171051025,-29.644433975219727,-0.9299070239067078,123.28043365478516
11,-1.4247541427612305,23.877216339111328,5.2031569480896,9.96137809753418
12,-1.2413629293441772,169.51670837402344,3.2468276023864746,-184.97738647460938
13,2.6518235206604004,376.29302978515625,-5.030121326446533,-317.7809143066406
14,-4.002635955810547,656.1022338867188,9.576156616210938,-194.61251831054688
15,2.118854284286499,642.689208984375,-4.958265781402588,85.80795288085938
16,6.733757495880127,368.410400390625,-10.990599632263184,224.25912475585938
17,-5.25053596496582,230.4265899658203,5.797787189483643,158.11441040039062
18,-1.4154083728790283,179.76588439941406,5.264334678649902,31.90529441833496
19,0.16152875125408173,112.26570129394531,7.733428001403809,63.920108795166016
