,ch1,ch2,ch3,ch4
0,-0.17140747606754303,25.29796028137207,-7.112823009490967,-297.2411193847656
1,4.682812690734863,115.90803527832031,0.5348660945892334,-539.2445678710938
2,3.306741714477539,240.8538055419922,-13.554631233215332,-368.7903747558594
3,0.0733308270573616,71.84576416015625,-1.247172236442566,-26.803312301635742
4,-5.777151584625244,-312.6783142089844,11.192009925842285,178.09286499023438
5,7.394497394561768,-488.5840148925781,-10.414819717407227,151.6295166015625
6,-3.0429306030273438,-445.9132995605469,3.3008177280426025,168.06179809570312
7,-1.6852983236312866,-304.4220275878906,-7.070917129516602,299.5351257324219
8,3.5884947776794434,-29.561172485351562,-4.215401649475098,332.6206359863281
9,-11.455305099487305,162.06689453125,11.907987594604492,123.1113052368164
10,1.2498267889022827,222.7337646484375,-3.9037604331970215,-305.4136962890625
11,6.016368389129639,322.4855651855469,-0.49980247020721436,-541.3763427734375
12,5.652842044830322,378.1457214355469,-10.144211769104004,-368.4715576171875
13,0.8907977342605591,200.5064239501953,4.1976470947265625,-29.498104095458984
14,-7.279296398162842,-161.20460510253906,13.629630088806152,176.81190490722656
15,6.821225166320801,-399.4440612792969,-7.057840347290039,148.50926208496094
16,-1.3560062646865845,-398.5140380859375,8.492173194885254,160.97755432128906
17,0.334690123796463,-218.6171875,-3.8822362422943115,296.1274108886719
18,5.216648101806641,35.446353912353516,-0.8576271533966064,334.7773742675781
19,-7.951171398162842,172.03065490722656,15.70844841003418,122.572265625
