,ch1,ch2,ch3,ch4
0,0.9554468989372253,-396.6894836425781,-1.5574183464050293,312.8224792480469
1,-8.4493989944458,-577.061279296875,9.608009338378906,87.83045959472656
2,3.650268077850342,-497.0151062011719,-3.2272324562072754,-310.1874694824219
3,1.9184036254882812,-150.41314697265625,1.63876211643219,-533.8311157226562
4,2.85306453704834,101.80781555175781,-12.391932487487793,-388.8765563964844
5,1.824836254119873,55.18338394165039,-3.215884208679199,-53.97481918334961
6,-7.405396461486816,-162.3441162109375,7.703922748565674,180.9423370361328
7,4.448617458343506,-324.2375793457031,-5.05311918258667,162.6549835205078
8,1.1244263648986816,-328.2439270019531,6.246136665344238,145.92416381835938
9,0.5769795775413513,-257.29119873046875,-4.997669219970703,292.3744812011719
10,0.8775012493133545,-325.5909729003906,0.12967626750469208,349.7238464355469
11,-6.3601555824279785,-408.1124572753906,8.1082124710083,102.2266845703125
12,4.439953804016113,-266.5604553222656,-6.148470878601074,-315.978271484375
13,1.2906053066253662,23.064603805541992,3.2831342220306396,-507.6879577636719
14,3.8229057788848877,300.611572265625,-9.622285842895508,-364.1318054199219
15,4.117284297943115,316.1360168457031,-3.2417280673980713,-61.05937194824219
16,-8.336038589477539,46.40726852416992,9.227365493774414,184.4366912841797
17,-1.1629102230072021,-149.5260772705078,-2.386544942855835,177.9415283203125
18,-2.7004504203796387,-110.2026138305664,7.07821798324585,141.89073181152344
19,2.59948468208313,-66.81327819824219,-5.175508499145508,292.38189697265625
