,ch1,ch2,ch3,ch4
0,4.923527717590332,44.53544616699219,-10.051072120666504,397.5404357910156
1,3.1864173412323,210.1416015625,-2.316066026687622,523.0946044921875
2,-6.425783634185791,326.0799560546875,4.239037990570068,404.6319885253906
3,0.8193223476409912,331.92333984375,-0.7321524024009705,-16.91551971435547
4,-3.4365925788879395,126.71305847167969,10.321972846984863,-484.9141845703125
5,5.109350681304932,-86.10780334472656,-7.338400363922119,-713.4051513671875
6,3.325073003768921,-319.8731689453125,1.7568949460983276,-487.767578125
7,-7.714062690734863,-391.0790710449219,5.003166675567627,-86.61128234863281
8,0.5326415300369263,-272.5276184082031,-4.95385217666626,172.396484375
9,-3.085590124130249,-138.05551147460938,6.7432169914245605,297.9570007324219
10,3.6594972610473633,70.88093566894531,-9.359790802001953,397.67999267578125
11,1.3161191940307617,229.65325927734375,-0.8501176834106445,523.9365234375
12,-9.199773788452148,363.40753173828125,4.875874042510986,410.17694091796875
13,0.25170132517814636,363.4222412109375,-2.343104124069214,-18.283466339111328
14,-1.0543440580368042,146.85520935058594,6.687338352203369,-493.0527648925781
15,7.695394039154053,-53.05543518066406,-13.163809776306152,-719.3783569335938
16,5.4710373878479,-293.595947265625,-3.7117068767547607,-487.526611328125
17,-7.078869819641113,-387.9790344238281,4.361419677734375,-84.8143539428711
18,-0.1315523386001587,-265.40020751953125,-2.5562148094177246,172.10504150390625
19,-2.7432284355163574,-126.70116424560547,6.901103496551514,298.64080810546875
