,ch1,ch2,ch3,ch4
0,-3.963763952255249,-77.48312377929688,10.635790824890137,-22.39531135559082
1,4.9954352378845215,-64.17754364013672,-8.412094116210938,-448.48443603515625
2,0.7230210900306702,-69.48048400878906,1.4917715787887573,-496.783203125
3,-4.559070110321045,-204.6226806640625,2.679457664489746,-222.6793212890625
4,2.1761908531188965,-303.01043701171875,0.6067448258399963,70.92774200439453
5,-5.083975791931152,-173.43060302734375,9.519256591796875,106.66177368164062
6,5.6291093826293945,172.13803100585938,-9.72256088256836,93.2444076538086
7,2.1382219791412354,361.6172180175781,1.0371242761611938,255.77894592285156
8,-5.012969970703125,277.6268310546875,-0.6928426623344421,358.80999755859375
9,2.705721616744995,78.3914566040039,-3.2807555198669434,310.2976379394531
10,-3.3614654541015625,-79.34567260742188,8.454424858093262,-26.723478317260742
11,6.236752510070801,-62.76771545410156,-10.469467163085938,-447.3287048339844
12,1.9040285348892212,-72.86206817626953,1.2195656299591064,-492.769775390625
13,-7.329273700714111,-443.358154296875,2.9705252647399902,-226.0538787841797
14,-0.6733526587486267,-974.6103515625,1.049090027809143,66.81034088134766
15,-4.675378799438477,-942.4690551757812,10.509881973266602,109.138427734375
16,6.319429397583008,-345.62432861328125,-10.886628150939941,91.26663970947266
17,2.2316222190856934,79.2841796875,0.4059373140335083,251.0773468017578
18,-5.602165222167969,116.31983947753906,2.52978253364563,361.8374328613281
19,-0.012992443516850471,-20.898090362548828,-2.563756227493286,309.7722473144531
