,ch1,ch2,ch3,ch4
0,-1.851731538772583,-1208.6279296875,-77.61341857910156,373.87615966796875
1,1.5652776956558228,-662.9310302734375,-40.970741271972656,377.62847900390625
2,-5.982104301452637,-354.74908447265625,-18.403270721435547,147.1530303955078
3,5.704194068908691,-403.54290771484375,-40.123966217041016,-277.8443298339844
4,0.08905388414859772,-165.3370819091797,-10.951425552368164,-523.591552734375
5,-2.3883719444274902,67.06692504882812,-7.95894193649292,-365.1353759765625
6,2.1415414810180664,66.28484344482422,-14.283129692077637,-32.91666030883789
7,-6.323021411895752,168.07803344726562,9.323376655578613,176.2967071533203
8,3.5144405364990234,224.59530639648438,15.363844871520996,144.00485229492188
9,1.8891358375549316,-27.990196228027344,18.154743194580078,154.6904296875
10,2.3687262535095215,-164.9072723388672,2.026061773300171,295.7078857421875
11,3.4296538829803467,140.51895141601562,19.700660705566406,314.9020080566406
12,-7.936346054077148,308.1968688964844,30.59450912475586,94.08697509765625
13,1.8233284950256348,189.41238403320312,2.4323651790618896,-323.8050231933594
14,-1.165097951889038,249.2657012939453,18.527690887451172,-554.3310546875
15,1.4313766956329346,335.38623046875,13.64095687866211,-384.55084228515625
16,5.274284362792969,293.7347717285156,7.831930637359619,-47.12095642089844
17,-8.441269874572754,300.09375,19.892879486083984,168.67172241210938
18,3.4690804481506348,249.7034912109375,8.956356048583984,136.84786987304688
19,1.7923990488052368,-14.367679595947266,10.653331756591797,147.0936737060547
