,ch1,ch2,ch3,ch4
0,-2.1002721786499023,-222.72987365722656,-1.331468105316162,303.38104248046875
1,1.5176990032196045,-469.0438537597656,1.527191400527954,336.9460754394531
2,-5.803036212921143,-406.49725341796875,9.718338012695312,113.91930389404297
3,5.322132110595703,-184.7280731201172,-9.087517738342285,-318.6893310546875
4,1.3556575775146484,41.02577209472656,4.0159430503845215,-537.8947143554688
5,-0.3309321403503418,169.46119689941406,-2.923243761062622,-353.9515686035156
6,4.4609808921813965,269.8970031738281,-3.970396041870117,-36.114295959472656
7,-5.462533473968506,360.8583068847656,8.77375602722168,176.72012329101562
8,4.320134162902832,319.545166015625,-5.860404014587402,156.68605041503906
9,0.29305383563041687,115.58387756347656,2.932788610458374,159.27964782714844
10,-3.333796262741089,-224.78216552734375,-5.624678134918213,301.32470703125
11,1.188467264175415,-453.9754943847656,-1.3635283708572388,335.0162658691406
12,-5.566680908203125,-403.78094482421875,12.69764232635498,118.47993469238281
13,6.214381217956543,-192.91207885742188,-4.518288612365723,-314.01318359375
14,1.5684306621551514,40.72127914428711,3.9701037406921387,-539.6349487304688
15,-2.527254104614258,169.43624877929688,-6.065958499908447,-356.8555603027344
16,0.7754348516464233,3048.62548828125,-3.700652599334717,199.55906677246094
17,-6.700613975524902,8434.71484375,8.910124778747559,852.543701171875
18,6.568770408630371,9610.4189453125,-10.84549617767334,923.3634643554688
19,1.192616581916809,6334.00390625,1.4730373620986938,673.3549194335938
