,ch1,ch2,ch3,ch4
0,5.089794635772705,-2488.746826171875,-12.149360656738281,154.49386596679688
1,-1.7457325458526611,-2255.720703125,5.664433002471924,172.4978485107422
2,-1.4293376207351685,-2157.564453125,-0.605552077293396,314.22998046875
3,4.933652877807617,-2239.765380859375,-3.4298627376556396,333.6203308105469
4,-7.125214576721191,-1736.7728271484375,11.145478248596191,125.29475402832031
5,3.1698031425476074,-713.0237426757812,-5.771517753601074,-70.30944061279297
6,4.508554935455322,-185.2197723388672,-2.035066604614258,132.4515380859375
7,-0.14672312140464783,-179.48101806640625,-6.100861549377441,417.3677062988281
8,-0.9062387943267822,-43.48487854003906,1.091081142425537,489.9716491699219
9,-9.387214660644531,107.740966796875,13.548452377319336,457.06756591796875
10,6.8981709480285645,120.77494812011719,-10.557421684265137,299.6997985839844
11,6.600186347961426,41.997108459472656,-7.706751346588135,248.959228515625
12,-5.883749008178711,-336.4634704589844,4.249281883239746,324.5425720214844
13,-3.8909833431243896,-648.7452392578125,21.368759155273438,263.8133850097656
14,5.88570499420166,-389.3626708984375,-3.8638856410980225,-21.96746253967285
15,11.209317207336426,-100.47526550292969,-32.492591857910156,-485.94842529296875
16,-18.997344970703125,-131.87557983398438,30.212726593017578,-719.1513671875
17,-1.3144447803497314,118.56271362304688,6.708198070526123,-570.184326171875
18,24.150819778442383,499.4975891113281,-43.859989166259766,-513.9847412109375
19,-20.077213287353516,335.7756042480469,15.777802467346191,-712.1100463867188
