,ch1,ch2,ch3,ch4
0,-1.2391831874847412,-306.12872314453125,-5.636037349700928,300.69085693359375
1,1.0479494333267212,-43.530113220214844,-4.082026958465576,335.6494445800781
2,-7.692456245422363,87.72586059570312,14.455147743225098,114.48416137695312
3,5.302114963531494,199.71031188964844,-1.2746398448944092,-310.1600036621094
4,1.5910727977752686,322.580322265625,0.69829261302948,-533.5069580078125
5,0.9412875175476074,317.4334411621094,-8.888592720031738,-363.93597412109375
6,2.2235774993896484,168.5870819091797,0.4849623143672943,-34.93842315673828
7,-7.518341541290283,-148.3474578857422,6.766232490539551,177.4748992919922
8,4.612660884857178,-431.6475830078125,-9.550875663757324,153.71482849121094
9,0.1922357678413391,-434.18450927734375,6.465089797973633,159.43557739257812
10,1.0375956296920776,-209.94729614257812,-8.490036964416504,296.7157897949219
11,4.441555023193359,38.71038818359375,-5.415716648101807,333.6364440917969
12,-7.2256317138671875,150.04458618164062,14.571918487548828,116.68883514404297
13,2.236661672592163,251.76368713378906,-1.6648720502853394,-305.8722229003906
14,-1.518999457359314,365.13214111328125,0.7879725098609924,-531.7759399414062
15,-0.4112556278705597,342.6450500488281,-7.266162872314453,-366.3617858886719
16,2.0856471061706543,419.8968811035156,3.281292200088501,-37.32849884033203
17,-7.754950523376465,546.2686157226562,9.7501859664917,179.90432739257812
18,5.088133335113525,357.85247802734375,-9.843287467956543,157.4671173095703
19,2.2483110427856445,88.15966033935547,4.185678482055664,158.9224090576172
