,ch1,ch2,ch3,ch4
0,-5.9810590744018555,2923.2236328125,6.159004211425781,-3056.05419921875
1,0.9246737957000732,4007.218017578125,-1.8402762413024902,-3955.751220703125
2,-2.0482516288757324,4424.455078125,6.919556617736816,-4130.81298828125
3,5.734343528747559,4455.9365234375,-10.774048805236816,-3692.380126953125
4,3.274522066116333,5336.2431640625,-2.7513315677642822,-3971.360595703125
5,-7.244134902954102,5826.2451171875,5.450579643249512,-4263.841796875
6,2.1960716247558594,5033.1923828125,0.5633679628372192,-3998.127685546875
7,-1.6130796670913696,4646.3798828125,8.968259811401367,-4273.89794921875
8,4.207099437713623,4737.48779296875,-13.113012313842773,-4644.4111328125
9,3.0912415981292725,3756.7666015625,-5.114865779876709,-3759.294921875
10,-6.466489791870117,2732.42431640625,5.264281272888184,-2769.47314453125
11,2.539698839187622,2559.5712890625,0.02152569219470024,-2583.320556640625
12,-0.601316511631012,2142.668701171875,8.51740837097168,-2052.045166015625
13,5.4811811447143555,1702.0804443359375,-10.852381706237793,-1226.578369140625
14,2.4304471015930176,2043.2598876953125,0.9046859741210938,-1043.35986328125
15,-8.36140251159668,2189.0810546875,10.529173851013184,-1045.587890625
16,0.9009139537811279,1445.37939453125,-1.0231118202209473,-835.1859741210938
17,-1.8621736764907837,1048.022216796875,5.119985580444336,-1098.9803466796875
18,5.775915622711182,1078.7386474609375,-13.205759048461914,-1420.8145751953125
19,3.366302490234375,347.7200622558594,-3.7694458961486816,-781.9607543945312
