,ch1,ch2,ch3,ch4
0,4.414908409118652,-361.6246643066406,-9.025741577148438,401.9023132324219
1,3.022603750228882,1.0333905220031738,2.2387514114379883,523.31884765625
2,-6.115476608276367,277.2627258300781,4.138583660125732,403.3375244140625
3,0.9285757541656494,332.990234375,-2.1236636638641357,-12.883118629455566
4,-3.8096866607666016,256.8815002441406,8.371869087219238,-488.3765869140625
5,7.348228931427002,247.56588745117188,-10.846328735351562,-715.8432006835938
6,5.378593444824219,179.1278839111328,-1.126619577407837,-481.52471923828125
7,-7.069252967834473,-3.3177952766418457,3.799109935760498,-94.30511474609375
8,-0.8869081735610962,-303.4740295410156,0.22803957760334015,169.49440002441406
9,-3.884828805923462,-563.3045654296875,9.526503562927246,303.9808044433594
10,5.686741352081299,-435.1148376464844,-11.427712440490723,395.8316345214844
11,2.907360315322876,-66.84795379638672,-2.0165741443634033,517.2093505859375
12,-5.533182621002197,240.1361083984375,2.9463987350463867,403.5734558105469
13,1.874691128730774,308.6216125488281,-0.5386731624603271,-14.892497062683105
14,-3.3370113372802734,229.42140197753906,9.136703491210938,-492.4281311035156
15,6.137028217315674,233.18890380859375,-12.249631881713867,-715.3309326171875
16,2.105144739151001,166.924072265625,-2.6754257678985596,-476.6913146972656
17,-8.300106048583984,-18.059297561645508,1.5305005311965942,-92.73628234863281
18,1.2320001125335693,-298.9757080078125,-2.512399196624756,165.68862915039062
19,-2.623164176940918,-544.2103881835938,9.056206703186035,302.0588073730469
