,ch1,ch2,ch3,ch4
0,0.501916229724884,-629.4052734375,0.9709211587905884,175.13482666015625
1,-6.1823601722717285,-626.2481079101562,8.622971534729004,299.82122802734375
2,5.463134288787842,-111.5314712524414,-12.61413860321045,388.8318786621094
3,5.091448783874512,373.2842102050781,0.7691776752471924,522.88623046875
4,-5.322674751281738,412.2312316894531,5.346580982208252,402.6656494140625
5,0.23883269727230072,173.30877685546875,-0.22771728038787842,-18.394752502441406
6,-3.654766082763672,109.84796142578125,9.093807220458984,-485.2792663574219
7,7.266232967376709,282.4471435546875,-11.892021179199219,-712.7710571289062
8,3.6656768321990967,214.6861572265625,0.5128034949302673,-483.2587585449219
9,-5.654743194580078,-205.3241424560547,5.534916400909424,-91.8885498046875
10,2.3072121143341064,-615.5459594726562,-2.3363137245178223,171.0657958984375
11,-2.923336982727051,-609.6980590820312,7.901241302490234,296.6217041015625
12,5.9531426429748535,-111.80716705322266,-7.1782546043396,395.636474609375
13,4.437200546264648,367.64117431640625,2.527334213256836,522.9478759765625
14,-2.846001148223877,407.2904357910156,3.4497931003570557,395.9971923828125
15,0.645142138004303,161.6754913330078,1.0213804244995117,-18.850341796875
16,-7.936794281005859,95.69373321533203,9.88268756866455,-484.10369873046875
17,4.282784938812256,276.5513000488281,-13.529485702514648,-715.6721801757812
18,2.8551037311553955,219.58163452148438,-0.998115599155426,-485.288330078125
19,-7.458163261413574,-197.43795776367188,5.107044219970703,-92.82184600830078
