,ch1,ch2,ch3,ch4
0,3.8373003005981445,1166.9208984375,-3.000786066055298,-4212.80419921875
1,-6.391009330749512,760.3218994140625,9.297429084777832,-3197.7001953125
2,1.3950858116149902,336.8319091796875,-1.2039402723312378,-2374.166748046875
3,-1.0825525522232056,228.9560089111328,6.359433174133301,-2309.697021484375
4,4.933310031890869,206.3063507080078,-8.501845359802246,-1835.2955322265625
5,3.0467875003814697,188.0211944580078,1.0390994548797607,-1024.4229736328125
6,-9.080596923828125,453.92279052734375,10.976744651794434,-1064.4052734375
7,2.225287675857544,639.035400390625,-3.1258413791656494,-1409.045166015625
8,0.7768132090568542,572.426513671875,3.533884048461914,-1282.9158935546875
9,4.707376956939697,531.3568115234375,-11.864204406738281,-1284.859619140625
10,3.5178885459899902,387.2314758300781,-3.357391834259033,-1156.1590576171875
11,-8.558608055114746,33.023128509521484,7.2535481452941895,-373.3115539550781
12,1.513917326927185,-306.01043701171875,-4.581884384155273,188.14146423339844
13,-0.552809476852417,-383.0650634765625,5.966251373291016,162.4957733154297
14,2.536194086074829,-357.12591552734375,-7.9116339683532715,391.6949157714844
15,1.8422644138336182,-297.0469970703125,-0.8536604046821594,844.19580078125
16,-9.127442359924316,14.217323303222656,9.64763069152832,636.4808959960938
17,1.3558878898620605,256.1881408691406,-3.4875214099884033,100.88509368896484
18,0.725296676158905,277.6999816894531,2.7282590866088867,-122.632080078125
19,4.545065879821777,295.1024475097656,-12.441176414489746,-331.3540344238281
