,ch1,ch2,ch3,ch4
0,4.2040228843688965,227.25762939453125,-7.664514541625977,153.06175231933594
1,-1.1107690334320068,140.82716369628906,6.246139049530029,179.3238983154297
2,-4.308473587036133,-377.7744140625,-0.6643352508544922,317.43341064453125
3,1.3691248893737793,-657.5125732421875,-0.9104328155517578,340.5336608886719
4,-5.8311967849731445,-216.7187042236328,12.71670150756836,137.35281372070312
5,7.386885166168213,373.6210021972656,-5.3309197425842285,-293.52880859375
6,5.255121231079102,597.7315673828125,0.174024298787117,-530.4547119140625
7,-1.5484826564788818,597.1776123046875,-5.705057621002197,-338.2934265136719
8,-0.12463672459125519,490.6895751953125,-0.8890199661254883,-11.519414901733398
9,-6.3335394859313965,344.7408447265625,8.4976167678833,189.048583984375
10,5.822676181793213,320.3145446777344,-10.540863990783691,164.06982421875
11,1.172197937965393,118.83235931396484,3.412466526031494,176.65689086914062
12,-2.3981401920318604,-419.9067687988281,-2.8276400566101074,315.32855224609375
13,1.7726696729660034,-692.8374633789062,-2.387167453765869,339.8297424316406
14,-6.37286376953125,-322.37310791015625,11.445478439331055,129.95199584960938
15,6.971020221710205,251.4546356201172,-8.181293487548828,-306.4409484863281
16,3.0114030838012695,509.4321594238281,-0.5010752081871033,-541.1741943359375
17,-4.518095970153809,473.53448486328125,-5.650068283081055,-351.04901123046875
18,-1.6495391130447388,327.2835388183594,-3.279078483581543,-26.13714599609375
19,-6.7170000076293945,223.01187133789062,8.836470603942871,178.60765075683594
