,ch1,ch2,ch3,ch4
0,7.909395694732666,158.78399658203125,-9.47072982788086,-450.24920654296875
1,0.5348999500274658,633.5062866210938,10.167724609375,-667.817138671875
2,3.0936737060546875,457.3354187011719,-4.846075534820557,-477.1378479003906
3,5.72451114654541,263.5166015625,-8.77007007598877,-120.35924530029297
4,-12.0557279586792,361.29925537109375,15.53518009185791,110.90430450439453
5,4.2410125732421875,317.8199462890625,-2.830031156539917,82.59256744384766
6,8.44619083404541,-38.163047790527344,-5.297782897949219,104.69488525390625
7,-3.7109463214874268,1899.4591064453125,-3.2300784587860107,274.78729248046875
8,-2.7341127395629883,6113.083984375,6.720576763153076,306.04730224609375
9,-2.839299201965332,7316.3720703125,6.26611328125,94.19158935546875
10,7.012738227844238,5364.33642578125,-12.890571594238281,-316.6258544921875
11,-0.993708074092865,3364.299072265625,6.429515838623047,-537.0460815429688
12,-0.8370594382286072,2027.0936279296875,-5.228428363800049,-355.0870666503906
13,5.042497634887695,1303.3885498046875,-9.454357147216797,-25.048992156982422
14,-6.603917598724365,422.27764892578125,7.909177303314209,187.00755310058594
15,4.402866840362549,-648.2382202148438,-9.140686988830566,157.59619140625
16,2.8592376708984375,-1324.7117919921875,-1.4966135025024414,174.4051055908203
17,-1.897985816001892,-1982.6529541015625,-3.685373067855835,326.558837890625
18,0.21987313032150269,-2748.373779296875,0.6957549452781677,350.0837097167969
19,-9.711007118225098,-2683.57861328125,14.47210693359375,139.55081176757812
