,ch1,ch2,ch3,ch4
0,-6.790865421295166,-539.8815307617188,12.16643238067627,101.08598327636719
1,2.072662591934204,-329.2064514160156,-3.650111675262451,-307.3149108886719
2,-0.14331473410129547,268.9459228515625,4.32501745223999,-523.2979125976562
3,-0.37462666630744934,840.51220703125,-5.044652938842773,-368.6552429199219
4,3.187681198120117,751.53076171875,-3.490184783935547,-42.95252227783203
5,-6.523480415344238,233.75631713867188,6.720947265625,187.10650634765625
6,3.760204553604126,-114.72760772705078,-6.204887390136719,156.3982696533203
7,3.044304132461548,-232.36883544921875,4.813719272613525,150.7151641845703
8,0.005074580665677786,-364.2634582519531,-2.130373954772949,309.7396240234375
9,1.2765536308288574,-522.3429565429688,1.527630090713501,343.4718933105469
10,-5.603667259216309,-552.88818359375,10.43850040435791,106.310302734375
11,5.1485819816589355,-317.1143798828125,-7.741809368133545,-312.2740173339844
12,1.2998309135437012,280.687744140625,-0.5706310272216797,-528.1304931640625
13,-0.6458423137664795,833.8289794921875,-9.815673828125,-366.3363342285156
14,2.169177532196045,750.1787719726562,-5.825088977813721,-42.194679260253906
15,-6.90840482711792,244.10960388183594,8.136860847473145,186.92703247070312
16,5.656826496124268,-109.89128112792969,-5.311982154846191,156.48988342285156
17,4.0615081787109375,-236.63795471191406,3.956007957458496,149.53997802734375
18,-1.6978411674499512,-356.1363220214844,-3.2853047847747803,305.83624267578125
19,-1.1527982950210571,-517.9007568359375,1.7773895263671875,341.281982421875
