,ch1,ch2,ch3,ch4
0,-4.763176918029785,-184.85267639160156,8.424057960510254,393.4062194824219
1,-0.31570446491241455,72.86348724365234,0.04967135936021805,-22.395872116088867
2,-5.443734169006348,224.436767578125,8.443723678588867,-468.1109619140625
3,3.7040345668792725,382.65374755859375,-13.109354019165039,-718.636474609375
4,2.9250621795654297,328.9701843261719,-2.99935245513916,-505.5223083496094
5,-7.227359294891357,171.74559020996094,5.837717533111572,-80.20997619628906
6,-0.4994511902332306,8.828519821166992,-2.0533854961395264,177.57374572753906
7,-2.998030185699463,2.03521728515625,5.605251312255859,282.5687255859375
8,7.129873275756836,292.8197326660156,-12.523107528686523,401.9251708984375
9,3.20058536529541,366.9749755859375,-0.8539731502532959,540.0543823242188
10,-8.278074264526367,325.081298828125,6.853278160095215,396.3179626464844
11,2.199368953704834,360.1781005859375,-1.4454090595245361,-26.392114639282227
12,0.7600109577178955,165.88613891601562,5.1371541023254395,-473.9540100097656
13,9.627201080322266,-181.6291046142578,-14.027789115905762,-716.2864379882812
14,5.580960273742676,-437.20257568359375,-2.4444501399993896,-498.36138916015625
15,-6.616736888885498,-441.3952941894531,4.829639434814453,-78.83382415771484
16,1.9214844703674316,-401.3554382324219,-1.0849502086639404,175.8361358642578
17,-2.370508909225464,-547.9819946289062,9.966142654418945,285.0369567871094
18,5.104007720947266,-682.6959228515625,-10.727873802185059,398.2589416503906
19,3.317499876022339,-623.1640014648438,-3.145883083343506,532.918212890625
