,ch1,ch2,ch3,ch4
0,1.7219206094741821,-206.6663818359375,-0.5087277889251709,514.1099853515625
1,-8.473878860473633,81.07971954345703,11.821537017822266,400.57159423828125
2,0.9899194836616516,293.93701171875,-2.025348424911499,-58.26863479614258
3,-1.1508647203445435,373.87615966796875,2.8395352363586426,-519.599609375
4,3.8269755840301514,386.1026611328125,-11.563307762145996,-718.5276489257812
5,4.9562482833862305,224.58416748046875,-2.757256269454956,-504.00274658203125
6,-5.856137752532959,-36.814964294433594,7.907785892486572,-103.63398742675781
7,2.499971628189087,-296.93975830078125,-2.8810973167419434,153.13401794433594
8,-2.064418315887451,-419.9033508300781,7.3219428062438965,287.08355712890625
9,-0.26422327756881714,-368.94903564453125,-7.3412299156188965,390.3979187011719
10,1.6537479162216187,-201.66253662109375,-2.346081018447876,503.7138366699219
11,-6.581723213195801,80.16461181640625,7.425718307495117,416.7855529785156
12,2.9735724925994873,276.6649475097656,-2.5858707427978516,-12.806835174560547
13,0.17695890367031097,366.8241882324219,6.1161322593688965,-508.2037658691406
14,2.5132555961608887,379.4961853027344,-8.890896797180176,-713.6243896484375
15,1.796986699104309,208.594482421875,-1.0925137996673584,-470.7571105957031
16,-9.163435935974121,-40.4157600402832,9.755635261535645,-87.8073501586914
17,0.6218445301055908,-290.17681884765625,-3.3706016540527344,150.0949249267578
18,0.07974407076835632,-421.4136657714844,4.510773658752441,308.3774719238281
19,4.0945258140563965,-366.8782043457031,-8.343233108520508,408.4866027832031
