,ch1,ch2,ch3,ch4
0,-7.354551792144775,-46.873844146728516,3.7908453941345215,160.22862243652344
1,-4.40458869934082,27.5621280670166,1.1375995874404907,36.37165451049805
2,-1.9849324226379395,-6.940487861633301,5.353654384613037,62.562843322753906
3,5.036441326141357,-15.969141006469727,-4.816554546356201,120.95122528076172
4,8.166534423828125,49.41645050048828,-2.7319624423980713,13.889364242553711
5,-1.8596718311309814,140.34715270996094,7.586572647094727,-175.0801239013672
6,-0.5984510779380798,107.89518737792969,3.336977243423462,-308.6444396972656
7,-0.40619930624961853,0.6430978178977966,7.017294883728027,-193.49737548828125
8,5.114444732666016,-122.1717529296875,-6.187016487121582,84.71700286865234
9,7.080270290374756,-169.10250854492188,-6.502050876617432,227.6837615966797
10,-4.3146514892578125,-40.626895904541016,4.33343505859375,160.02642822265625
11,-2.640584945678711,37.09978103637695,-0.16775299608707428,32.218467712402344
12,-2.1237828731536865,-0.5527558326721191,6.139659404754639,66.56591796875
13,1.4399526119232178,-13.826745986938477,-3.7341668605804443,121.70728302001953
14,2.9448280334472656,46.948604583740234,-4.4341278076171875,8.845417976379395
15,-4.5498785972595215,137.9588165283203,6.993746757507324,-175.41796875
16,1.1865220069885254,118.0835952758789,1.6526378393173218,-312.4892272949219
17,1.5907022953033447,11.004546165466309,3.4839932918548584,-202.04298400878906
18,3.801680326461792,-121.84285736083984,-9.004789352416992,83.19880676269531
19,4.414673328399658,-168.81370544433594,-9.44162368774414,229.50479125976562
