,ch1,ch2,ch3,ch4
0,1.0043909549713135,-343.72308349609375,-3.07887864112854,307.0093994140625
1,2.8111746311187744,-502.74005126953125,0.09143894165754318,337.0297546386719
2,-7.808811187744141,-344.6136474609375,8.683584213256836,111.48226165771484
3,3.3936777114868164,125.8279037475586,-5.959090709686279,-75.55857849121094
4,3.6385648250579834,396.3712158203125,5.667973041534424,144.5404510498047
5,0.723017692565918,541.5517578125,-2.4687306880950928,417.1866149902344
6,2.370145320892334,490.169921875,-0.8648377060890198,482.0380859375
7,-7.058183193206787,148.9761505126953,9.182098388671875,455.5047912597656
8,2.5330069065093994,-166.84677124023438,-8.842615127563477,308.1369323730469
9,0.9915248155593872,-348.7063903808594,0.8163570165634155,256.92987060546875
10,-1.9426096677780151,-441.6856994628906,-5.381862163543701,314.1358642578125
11,-0.9499514102935791,-315.2614440917969,-1.2284010648727417,247.87179565429688
12,-8.111907005310059,54.66356658935547,10.190563201904297,-7.558283805847168
13,6.166186332702637,424.8424377441406,-8.789957046508789,-466.66290283203125
14,1.94469153881073,826.7559814453125,2.3332834243774414,-746.975830078125
15,-2.515496253967285,1096.1461181640625,-2.0252387523651123,-579.2584228515625
16,3.7745678424835205,867.6384887695312,-0.21019165217876434,-237.1163787841797
17,-4.9586100578308105,358.1356201171875,11.025115013122559,-40.48893737792969
18,4.082930088043213,-56.76315689086914,-9.684686660766602,-81.5250473022461
19,0.3108330965042114,-313.9628601074219,-2.8961527347564697,-48.689701080322266
