,ch1,ch2,ch3,ch4
0,3.805527448654175,418.0581359863281,-4.131260871887207,-238.12989807128906
1,-2.396545648574829,574.1492919921875,-3.3129899501800537,-63.390010833740234
2,0.3873904049396515,646.5306396484375,2.074953317642212,99.77696228027344
3,-0.7421814203262329,482.84368896484375,6.649193286895752,-21.83930015563965
4,5.681586265563965,2.404895782470703,-9.116357803344727,-299.4017028808594
5,-0.4219505190849304,-656.5257568359375,2.755756378173828,-245.465576171875
6,-2.4488515853881836,-904.1616821289062,0.9260749220848083,97.01312255859375
7,1.9119099378585815,-600.389404296875,3.758056879043579,360.18157958984375
8,-6.927252769470215,-172.9069061279297,12.557826042175293,269.8759765625
9,2.7058608531951904,180.60305786132812,-4.8470458984375,-77.96443176269531
10,2.631772518157959,406.1217956542969,4.368103504180908,-205.4528045654297
11,-1.5325971841812134,581.7249755859375,-1.386575698852539,-42.69181442260742
12,1.453640103340149,648.9736938476562,-2.0565404891967773,128.57640075683594
13,-6.080411434173584,470.7918395996094,11.351482391357422,2.7785966396331787
14,6.20639705657959,22.942750930786133,-8.323829650878906,-296.06732177734375
15,6.492724418640137,-626.46484375,-5.240490436553955,-239.00791931152344
16,-4.791109085083008,-913.5108032226562,1.287653923034668,113.8980712890625
17,-2.292792320251465,-614.1716918945312,6.813759803771973,365.4384765625
18,-0.3825613260269165,-158.51307678222656,4.817605972290039,268.7513427734375
19,6.388609886169434,192.68011474609375,-10.227973937988281,-70.87307739257812
