,ch1,ch2,ch3,ch4
0,2.2977402210235596,-1049.87060546875,-2.635831594467163,-633.0139770507812
1,-2.1160924434661865,-1326.801025390625,-6.2964606285095215,-482.511962890625
2,0.7944822311401367,-1523.189697265625,-0.2563480734825134,-186.11668395996094
3,-5.756368160247803,-2109.059326171875,9.608004570007324,-30.75530242919922
4,5.255310535430908,-2334.3046875,-7.445731163024902,-62.98396301269531
5,1.1555122137069702,-2349.630615234375,7.189471244812012,-39.76726150512695
6,0.30230116844177246,-2921.433837890625,-0.6416435837745667,80.79261779785156
7,4.4652419090271,-3251.973388671875,-0.7136380672454834,102.0904769897461
8,-7.4134016036987305,-2569.71533203125,14.403042793273926,-76.50577545166016
9,3.1052238941192627,-1791.1009521484375,-4.929203987121582,-498.2403869628906
10,1.5475484132766724,-1526.87060546875,0.07304371893405914,-736.8477783203125
11,-0.6322264671325684,-1274.48583984375,-4.737639904022217,-521.012451171875
12,3.2360141277313232,-1078.6326904296875,-0.05727706104516983,-167.72308349609375
13,-6.2556233406066895,-1132.349853515625,8.643552780151367,38.50291061401367
14,4.444173336029053,-972.6851196289062,-11.005660057067871,32.000980377197266
15,1.8480204343795776,-845.396240234375,2.919773817062378,75.56153106689453
16,0.41712796688079834,-1249.3154296875,-3.2664620876312256,225.5950164794922
17,3.5173513889312744,-1438.1944580078125,-3.890784502029419,258.39007568359375
18,-8.981122016906738,-813.5189819335938,10.273405075073242,74.18476104736328
19,2.6230831146240234,-98.47618865966797,-6.945254325866699,-342.3219299316406
