,ch1,ch2,ch3,ch4
0,-10.46882152557373,316.3204040527344,9.279890060424805,446.61260986328125
1,-0.19197505712509155,348.2695007324219,-0.6521832346916199,-35.427364349365234
2,-0.7140158414840698,146.71517944335938,7.378052711486816,-513.0039672851562
3,4.948137283325195,-18.64576530456543,-12.490408897399902,-688.9666748046875
4,3.9244275093078613,-225.17156982421875,-4.361464500427246,-488.98968505859375
5,-7.473193645477295,-564.2569580078125,7.057549476623535,-112.08837890625
6,-0.4754208028316498,-857.4425048828125,-4.28470516204834,181.61056518554688
7,-2.2101552486419678,-792.7399291992188,3.7312772274017334,310.5491943359375
8,6.312055587768555,-344.3341979980469,-10.982135772705078,375.4857482910156
9,5.690545558929443,45.53657913208008,-3.5404813289642334,519.003662109375
10,-7.050458908081055,291.2937927246094,6.2417168617248535,439.432373046875
11,-1.6544846296310425,352.8974609375,0.863064169883728,-24.100831985473633
12,-5.5143537521362305,205.8683624267578,8.73301887512207,-504.9306335449219
13,4.677239894866943,86.36429595947266,-11.46377182006836,-691.7949829101562
14,6.331718444824219,-105.27344512939453,-1.5230392217636108,-485.0975646972656
15,-7.373612880706787,-422.4405517578125,8.79713249206543,-108.50963592529297
16,0.38592401146888733,-698.1688842773438,-1.3439875841140747,176.48629760742188
17,-1.2249773740768433,-635.7383422851562,8.646971702575684,308.8408203125
18,4.6025471687316895,-179.19276428222656,-8.51527214050293,377.12445068359375
19,1.676981806755066,204.60643005371094,1.0960065126419067,520.2974243164062
