,ch1,ch2,ch3,ch4
0,-0.8195343613624573,104.48949432373047,8.21278190612793,-480.0030517578125
1,5.701173305511475,267.8223876953125,-9.564886093139648,-677.9147338867188
2,1.0510584115982056,213.17457580566406,0.9608117341995239,-457.1631164550781
3,-5.169633865356445,-201.90911865234375,3.8490991592407227,-86.40199279785156
4,2.322551727294922,-631.4281616210938,0.8657845854759216,201.80050659179688
5,-3.6338462829589844,-618.970458984375,7.741890907287598,333.5794982910156
6,5.837917327880859,-103.73861694335938,-14.044332504272461,407.5984802246094
7,1.3772358894348145,376.64447021484375,-1.6348035335540771,539.2752075195312
8,-7.009063243865967,414.8364562988281,2.7393038272857666,423.4084167480469
9,1.051026463508606,172.30889892578125,-0.7354391813278198,-7.009041786193848
10,-4.154864311218262,105.87476348876953,8.438508033752441,-476.6969909667969
11,6.702633380889893,268.4866027832031,-12.416975021362305,-690.4888305664062
12,4.805028438568115,202.94454956054688,-1.6247494220733643,-466.6883544921875
13,-3.6900572776794434,-206.30087280273438,3.190340280532837,-89.4482192993164
14,2.9913039207458496,-627.364013671875,1.816331148147583,183.80543518066406
15,-2.889270544052124,-619.8397827148438,10.805659294128418,307.18768310546875
16,7.135748386383057,-95.4081802368164,-12.65270709991455,386.7782287597656
17,3.266913890838623,385.3601989746094,-1.5783758163452148,522.5691528320312
18,-7.335005283355713,412.9496154785156,2.2043697834014893,406.4585876464844
19,-1.7366526126861572,164.52037048339844,-2.5397894382476807,-19.000158309936523
