,ch1,ch2,ch3,ch4
0,-1.3223704099655151,329.93865966796875,6.378336429595947,-503.23895263671875
1,5.854526996612549,224.9422607421875,-11.930892944335938,-705.1124877929688
2,4.495161533355713,-18.681339263916016,-2.9061927795410156,-488.2823791503906
3,-6.907876014709473,-357.1840515136719,5.786299228668213,-102.08171081542969
4,2.465654134750366,-621.3182373046875,-1.0184293985366821,181.5973663330078
5,-1.277382731437683,-587.1747436523438,8.837143898010254,312.4673156738281
6,1.966489315032959,-166.03533935546875,-11.62804889678955,380.8943176269531
7,0.917086660861969,238.1554412841797,-4.035444736480713,521.3839111328125
8,-6.934047222137451,468.4361267089844,7.3893022537231445,436.57598876953125
9,0.8438845276832581,486.88916015625,-0.8050392866134644,-29.624130249023438
10,-3.015648365020752,336.89630126953125,6.394012451171875,-506.2041015625
11,5.521626949310303,204.82989501953125,-12.370423316955566,-686.6331176757812
12,3.7001404762268066,-28.028047561645508,-3.816012382507324,-484.56658935546875
13,-7.826927661895752,-349.7221984863281,6.735212802886963,-111.40121459960938
14,2.8228158950805664,-625.1429443359375,-0.811275839805603,184.55828857421875
15,-0.8298962116241455,-590.4912109375,7.5887298583984375,312.46185302734375
16,3.5382513999938965,-153.65838623046875,-10.310138702392578,370.14715576171875
17,1.9023385047912598,236.6847686767578,-0.9539794921875,522.727294921875
18,-9.012015342712402,455.4643859863281,8.13700008392334,445.0979919433594
19,1.3919481039047241,498.5592346191406,-1.8843389749526978,-34.8275260925293
