,ch1,ch2,ch3,ch4
0,-1.8234518766403198,135.89666748046875,10.712072372436523,-489.8359069824219
1,5.173845291137695,-64.87081146240234,-9.5352144241333,-712.8238525390625
2,3.628077507019043,-304.8291320800781,-1.2282801866531372,-482.4645690917969
3,-6.446588516235352,-398.05377197265625,5.806899547576904,-88.5042953491211
4,2.0450305938720703,-265.605224609375,-4.046799659729004,168.4551544189453
5,-1.934838891029358,-122.72343444824219,4.218747138977051,300.0962829589844
6,4.2757368087768555,68.90682220458984,-11.356099128723145,395.244140625
7,1.4855751991271973,228.88658142089844,1.279614806175232,516.7005615234375
8,-8.809733390808105,370.7424621582031,9.300402641296387,412.34991455078125
9,0.056451793760061264,359.9395446777344,-0.7439641952514648,-14.579859733581543
10,-3.3300271034240723,134.0963134765625,7.687687873840332,-497.5773620605469
11,5.253848075866699,-61.5092887878418,-10.131235122680664,-720.137939453125
12,4.627239227294922,-306.6300354003906,-1.9091215133666992,-485.41796875
13,-5.20419454574585,-5995.8798828125,5.092071056365967,4568.6201171875
14,3.775636911392212,-16442.28125,-1.0099953413009644,13645.619140625
15,-0.9364805221557617,-18676.462890625,8.607181549072266,15763.333984375
16,5.4625563621521,-12333.451171875,-10.489618301391602,10737.7412109375
17,2.29135799407959,-6434.50390625,1.3061734437942505,6073.83642578125
18,-9.91079044342041,-3430.501953125,8.650060653686523,3580.087890625
19,0.04653024673461914,-2152.332275390625,-3.4977195262908936,2083.070068359375
