,ch1,ch2,ch3,ch4
0,1.8665952682495117,201.05752563476562,-0.2578085958957672,98.09894561767578
1,-10.532544136047363,-40.79240798950195,10.378849029541016,226.1937255859375
2,2.829805374145508,-272.7030029296875,-7.586053371429443,186.85740661621094
3,2.7466394901275635,-419.4703674316406,1.7654964923858643,240.1598663330078
4,3.232801675796509,-373.2308654785156,-6.1539130210876465,324.71173095703125
5,1.6718761920928955,-201.3304901123047,4.043130874633789,312.6190490722656
6,-8.208290100097656,60.796634674072266,14.531396865844727,138.60414123535156
7,3.2309412956237793,278.47772216796875,-1.152592658996582,-282.3988342285156
8,0.4046916365623474,388.76715087890625,4.04755973815918,-576.10888671875
9,1.9801002740859985,384.09759521484375,-11.908750534057617,-396.398681640625
10,3.4869277477264404,194.1920623779297,-3.1226980686187744,-18.97126579284668
11,-7.185009956359863,-44.224891662597656,7.944707870483398,148.17176818847656
12,2.454164743423462,-273.9373474121094,-8.678043365478516,107.77401733398438
13,1.018885612487793,-422.5877685546875,0.9528374671936035,161.06288146972656
14,0.7129630446434021,-371.818115234375,-9.456503868103027,281.3556213378906
15,-2.635852098464966,-195.84019470214844,0.26298800110816956,287.6119689941406
16,-11.288686752319336,63.462066650390625,12.440150260925293,105.2142105102539
17,3.341550350189209,282.2713317871094,-3.3969082832336426,-302.6297302246094
18,1.5597254037857056,390.15264892578125,4.163049221038818,-572.4440307617188
19,2.105905532836914,380.1260986328125,-8.785377502441406,-396.9246520996094
