,ch1,ch2,ch3,ch4
0,-10.15146541595459,-16693.92578125,13.022202491760254,4770.5458984375
1,6.289030075073242,-8929.8115234375,-6.013091564178467,2186.792236328125
2,3.1602683067321777,-4735.11669921875,0.3106030821800232,885.3416748046875
3,-1.4124014377593994,-2659.7109375,-7.826470375061035,574.0759887695312
4,-0.6439599394798279,227.13172912597656,1.547135591506958,77.73225402832031
5,-7.502336025238037,3015.701171875,8.828808784484863,-638.3385620117188
6,6.071512222290039,3571.196044921875,-10.76366901397705,-972.11083984375
7,1.6102186441421509,4201.09033203125,3.5919535160064697,-1184.5777587890625
8,0.9670003056526184,6236.94970703125,-4.83730936050415,-1557.993896484375
9,2.5008630752563477,6913.5048828125,0.3893141448497772,-1654.4512939453125
10,-8.963112831115723,6391.84765625,12.583025932312012,-1722.110107421875
11,3.077702283859253,7127.212890625,-8.035445213317871,-2332.455810546875
12,1.4364798069000244,7792.49853515625,-2.225471258163452,-2644.115478515625
13,0.7481638789176941,7066.50830078125,-8.009725570678711,-2160.165771484375
14,2.251452922821045,6659.36962890625,1.6755822896957397,-1731.0548095703125
15,-6.583356857299805,6359.6279296875,10.790411949157715,-1581.5946044921875
16,4.044381618499756,4809.56640625,-7.002365589141846,-1315.4716796875
17,-0.7772281169891357,3729.739013671875,4.096142768859863,-1047.604248046875
18,-0.06889830529689789,4032.845947265625,-6.0414509773254395,-938.737060546875
19,2.2208521366119385,3591.923583984375,-0.7626479268074036,-718.365478515625
