,ch1,ch2,ch3,ch4
0,-7.239433765411377,-59.92646408081055,9.69561767578125,180.38473510742188
1,5.301852226257324,-668.56005859375,-3.1087701320648193,168.3621368408203
2,1.4275182485580444,-764.2103881835938,6.598287105560303,152.64064025878906
3,-0.3738086521625519,-525.6582641601562,-7.332780361175537,285.9842834472656
4,-1.0270946025848389,-402.1041259765625,-1.2093299627304077,344.3756408691406
5,-10.65135383605957,-367.8026123046875,10.33185863494873,117.82533264160156
6,1.9375431537628174,-220.52565002441406,-6.19468879699707,-315.18988037109375
7,-0.30802252888679504,117.60540771484375,1.8349179029464722,-528.9476928710938
8,4.10764217376709,500.68743896484375,-11.16450309753418,-365.3207702636719
9,5.186202049255371,485.64447021484375,-1.7225053310394287,-41.96775436401367
10,-9.657818794250488,-38.26227569580078,10.691258430480957,181.0580596923828
11,2.012000322341919,-568.1025390625,-7.772239685058594,161.38076782226562
12,1.6978942155838013,-640.831298828125,1.609960913658142,151.51800537109375
13,2.1521620750427246,-401.5859680175781,-8.074585914611816,289.1291198730469
14,-0.13254567980766296,-262.4871520996094,3.4084410667419434,351.59423828125
15,-9.655577659606934,-217.4611053466797,13.187641143798828,126.16112518310547
16,6.6932220458984375,-61.95969009399414,-8.813541412353516,-319.5068664550781
17,4.042050361633301,279.0839538574219,1.3721283674240112,-536.2608642578125
18,3.3537564277648926,658.0020751953125,-11.929754257202148,-362.87725830078125
19,2.159527063369751,627.0614013671875,-4.68919563293457,-38.5105094909668
