,ch1,ch2,ch3,ch4
0,-1.337367057800293,722.6624755859375,5.950832843780518,-501.6761169433594
1,4.480558395385742,656.025390625,-9.923691749572754,-710.1044311523438
2,6.023818016052246,406.47021484375,-1.4846665859222412,-481.06494140625
3,-4.593723297119141,175.0184326171875,9.110213279724121,-84.69371032714844
4,4.142157554626465,-1290.0042724609375,-1.151102900505066,4592.966796875
5,1.2876332998275757,-3703.13671875,6.2987213134765625,13101.3525390625
6,4.264710426330566,-4133.9716796875,-11.559067726135254,15083.5458984375
7,2.2196309566497803,-2692.808349609375,-2.0336735248565674,10340.990234375
8,-8.897663116455078,-1282.116455078125,8.979081153869629,5697.34619140625
9,1.1911166906356812,-508.70953369140625,-6.190168857574463,2984.683349609375
10,0.25821584463119507,-132.1444091796875,0.23936504125595093,1488.886474609375
11,6.130132675170898,316.3960266113281,-12.048681259155273,-484.9089050292969
12,3.5780625343322754,626.1530151367188,0.20445483922958374,-2220.9208984375
13,-10.208419799804688,563.9801025390625,12.141627311706543,-2446.605712890625
14,-0.14850862324237823,431.87481689453125,-0.4049777090549469,-2655.6171875
15,-1.6946011781692505,565.4974975585938,6.45684289932251,-3623.419189453125
16,2.709115505218506,708.7008666992188,-8.672578811645508,-3813.10302734375
17,1.867621660232544,794.8956298828125,-0.04606034979224205,-3371.3447265625
18,-9.83615493774414,1154.1229248046875,9.378814697265625,-3847.410888671875
19,0.1579328179359436,1402.32421875,-3.3126723766326904,-4461.6484375
