,ch1,ch2,ch3,ch4
0,1.7781935930252075,-420.70623779296875,-0.4775867462158203,513.1839599609375
1,-8.708141326904297,-587.1565551757812,8.03515911102295,401.6885681152344
2,1.7926839590072632,-519.0899658203125,-2.1113884449005127,-3.8573405742645264
3,0.5786237716674805,-153.10911560058594,5.495485305786133,-491.9913635253906
4,4.152446269989014,121.8116455078125,-10.639184951782227,-729.7621459960938
5,2.9577674865722656,51.084232330322266,-1.7425909042358398,-484.2912292480469
6,-8.331111907958984,-144.75486755371094,8.759434700012207,-70.63629913330078
7,0.9661920666694641,-287.5572509765625,-4.342592716217041,155.9217529296875
8,-1.2698904275894165,-335.6314392089844,4.699613571166992,290.86834716796875
9,3.4676034450531006,-264.40997314453125,-8.580619812011719,414.29302978515625
10,4.509132385253906,-283.96905517578125,-0.7001466751098633,514.1903686523438
11,-5.754667282104492,-388.5066223144531,9.280546188354492,407.38525390625
12,2.482426643371582,-285.0629577636719,-3.533803701400757,-9.764209747314453
13,-1.5422552824020386,64.5311050415039,5.769615650177002,-495.36077880859375
14,2.709165096282959,350.6152038574219,-7.9444355964660645,-723.3721313476562
15,3.2829997539520264,292.09033203125,-1.5364959239959717,-485.464111328125
16,-8.507743835449219,55.51956558227539,9.068828582763672,-77.46038818359375
17,1.5654923915863037,-109.62804412841797,-1.0719819068908691,156.98696899414062
18,0.23537367582321167,-142.8787841796875,7.048849105834961,295.0093994140625
19,1.9300788640975952,-88.8558120727539,-9.203316688537598,414.11077880859375
