,ch1,ch2,ch3,ch4
0,-0.7983450293540955,374.77008056640625,-10.593949317932129,-357.43353271484375
1,1.9048254489898682,406.1969909667969,-5.693713665008545,-67.5812759399414
2,-5.486641883850098,98.6610107421875,7.511904716491699,182.5951690673828
3,4.411415100097656,-126.99999237060547,-2.702949047088623,185.37924194335938
4,-0.4815171957015991,-69.30891418457031,5.56474494934082,138.17474365234375
5,-0.1720985770225525,-39.74051284790039,-7.648009300231934,284.32269287109375
6,1.5130715370178223,-199.41574096679688,-1.1464890241622925,369.0942077636719
7,-7.01848840713501,-251.32073974609375,7.58293342590332,104.2319564819336
8,1.649290680885315,-108.05916595458984,-5.014241695404053,-334.0876159667969
9,-0.5501836538314819,90.88349914550781,6.005073547363281,-504.2552795410156
10,5.1749043464660645,360.3541564941406,-9.815946578979492,-356.3032531738281
11,5.958853244781494,405.968017578125,-5.910315036773682,-73.64752960205078
12,-8.670337677001953,76.12580108642578,7.871544361114502,181.7298126220703
13,1.4891492128372192,-146.8848876953125,-4.736751079559326,189.54283142089844
14,3.3605685234069824,-67.50737762451172,2.40407133102417,138.10769653320312
15,4.685192584991455,-53.31861877441406,-6.890193939208984,281.0109558105469
16,3.2099239826202393,-230.53675842285156,1.6468925476074219,370.47686767578125
17,-4.385654926300049,-247.35108947753906,3.3713643550872803,104.53621673583984
18,1.3401648998260498,-105.74429321289062,-8.715682029724121,-336.7893981933594
19,-8.68277645111084,32.25471496582031,16.075389862060547,-496.8135986328125
