,ch1,ch2,ch3,ch4
0,5.7770538330078125,9031.0888671875,667.5457763671875,-716.8809814453125
1,-5.950138092041016,10352.822265625,779.1268920898438,-601.28125
2,-1.34535551071167,6831.97705078125,509.6817626953125,-358.5282897949219
3,-4.388176441192627,3504.75830078125,282.6513977050781,-115.6811294555664
4,-0.9449496269226074,1883.065673828125,153.13148498535156,139.83419799804688
5,2.371846914291382,1308.8785400390625,104.15962219238281,231.6054229736328
6,-8.059593200683594,226.83558654785156,23.684228897094727,105.8038330078125
7,2.906179189682007,-1108.948974609375,-96.5665512084961,-221.60116577148438
8,-0.612671971321106,-1553.2274169921875,-119.64527130126953,-414.5497741699219
9,0.5678717494010925,-1866.027587890625,-153.99256896972656,-213.30885314941406
10,5.909595012664795,-2528.302734375,-209.56338500976562,171.612060546875
11,-4.3048858642578125,-2700.6806640625,-212.29689025878906,399.5207824707031
12,6.592895030975342,-2650.51708984375,-209.0043182373047,362.6958312988281
13,4.708252906799316,-3103.244384765625,-220.22654724121094,385.372314453125
14,2.662546157836914,-3293.988037109375,-239.847900390625,530.9982299804688
15,3.9379241466522217,-2711.04248046875,-198.1065216064453,532.6636962890625
16,-6.985274314880371,-2422.57861328125,-175.18272399902344,306.20556640625
17,2.2253339290618896,-2512.568603515625,-199.26959228515625,-109.7742691040039
18,0.023523258045315742,-2111.6689453125,-156.30397033691406,-368.41339111328125
19,0.8675034642219543,-1703.7886962890625,-139.1400604248047,-228.3058319091797
