,ch1,ch2,ch3,ch4
0,2.3954875469207764,-571.0388793945312,-9.586380958557129,737.229248046875
1,2.4489049911499023,-12.128458976745605,-0.9143801927566528,742.0945434570312
2,-8.039349555969238,357.00433349609375,6.938729286193848,545.7505493164062
3,1.7196120023727417,7.315324306488037,-1.2839325666427612,394.26409912109375
4,1.0398465394973755,-139.61146545410156,6.183951377868652,-88.4771499633789
5,6.77984619140625,24.983318328857422,-12.52273178100586,-519.3365478515625
6,3.3135898113250732,-399.0188903808594,-1.0940569639205933,-153.0850067138672
7,-6.336258411407471,-867.2003784179688,8.663078308105469,339.9062805175781
8,3.395618438720703,-854.2577514648438,0.37879183888435364,385.8341369628906
9,-1.1607654094696045,-813.57470703125,8.692022323608398,510.17041015625
10,3.8468809127807617,-599.4041137695312,-10.699033737182617,747.9014892578125
11,2.2943179607391357,-17.94367218017578,-1.403947114944458,732.7819213867188
12,-7.104763507843018,376.582763671875,7.639652729034424,517.3743286132812
13,2.416887044906616,209.95005798339844,-2.056520462036133,210.2460479736328
14,-1.4860320091247559,101.95391082763672,4.024723052978516,-305.0458068847656
15,3.309117317199707,202.3059539794922,-15.606934547424316,-676.3499755859375
16,-0.8242929577827454,-133.43637084960938,-5.031834125518799,-386.26123046875
17,-11.668547630310059,-543.9131469726562,4.627114772796631,53.127685546875
18,1.081654667854309,-629.2063598632812,-2.1667513847351074,182.39395141601562
19,0.43537941575050354,-585.73681640625,10.23418140411377,306.2165832519531
