,ch1,ch2,ch3,ch4
0,-1.2439630031585693,12.818098068237305,0.28974664211273193,178.49142456054688
1,-1.7347503900527954,-227.58323669433594,7.690821170806885,280.78009033203125
2,9.341662406921387,-387.3407287597656,-10.814249038696289,400.23895263671875
3,4.7245564460754395,-405.362060546875,-0.009573601186275482,537.8372192382812
4,-6.9832024574279785,-179.04039001464844,5.981083393096924,392.6446838378906
5,1.165090560913086,82.19929504394531,-0.969781219959259,-22.170822143554688
6,-3.155133008956909,233.41094970703125,7.859569549560547,-465.96484375
7,6.3640456199646,387.10662841796875,-10.163818359375,-715.8092041015625
8,5.9384379386901855,324.8476867675781,-0.19230905175209045,-503.99755859375
9,-5.199845790863037,164.094970703125,4.585364818572998,-77.91370391845703
10,0.22974015772342682,2.0048837661743164,-0.5129635334014893,182.6561279296875
11,-4.797718524932861,-234.38694763183594,10.247097969055176,283.31072998046875
12,2.603330373764038,-383.05438232421875,-10.145150184631348,400.0602111816406
13,-0.9289043545722961,-403.6842041015625,-0.3311496376991272,541.4185791015625
14,-9.30075740814209,-183.19387817382812,5.798433780670166,393.6446838378906
15,1.936630368232727,84.0011215209961,-2.9877548217773438,-29.873010635375977
16,-0.9728371500968933,239.8949737548828,5.230434417724609,-472.1800231933594
17,6.125044345855713,394.97564697265625,-13.871110916137695,-717.4683227539062
18,1.0993787050247192,327.7959289550781,-2.998976707458496,-502.182861328125
19,-9.485725402832031,161.4629669189453,6.4181318283081055,-74.24415588378906
