,ch1,ch2,ch3,ch4
0,4.852787494659424,-78.45169830322266,-3.5875892639160156,214.14666748046875
1,0.5370190739631653,-87.84801483154297,-12.03566837310791,308.261474609375
2,-3.4387047290802,-219.92054748535156,7.8863372802734375,345.655517578125
3,-5.886699199676514,-261.8856506347656,11.793255805969238,129.47708129882812
4,4.760395526885986,-9232.1875,-6.804218769073486,4350.65283203125
5,-2.5509233474731445,-26182.537109375,6.69031286239624,12928.587890625
6,2.8368380069732666,-29767.9140625,-9.841168403625488,15078.2978515625
7,4.136114120483398,-19810.724609375,-7.605669021606445,10288.33203125
8,-9.099164962768555,-10761.654296875,3.5960144996643066,5702.70751953125
9,1.2890899181365967,-6275.3837890625,-6.473114013671875,3303.765380859375
10,-0.788793683052063,-4200.99560546875,5.683328151702881,2247.732666015625
11,2.2153799533843994,-550.7562866210938,-5.592911720275879,507.87591552734375
12,3.8268678188323975,3399.246337890625,1.9571505784988403,-1524.377197265625
13,-6.753728866577148,4581.298828125,12.193323135375977,-2392.7412109375
14,3.7522201538085938,5609.1455078125,-2.003767490386963,-3288.028564453125
15,2.762115001678467,8156.14208984375,2.516974925994873,-4676.3544921875
16,4.398378849029541,9034.5244140625,-11.280851364135742,-4822.572265625
17,2.1465561389923096,8324.583984375,0.33684462308883667,-4143.255859375
18,-8.601141929626465,8832.9970703125,8.55431079864502,-4329.05517578125
19,0.9959731101989746,9018.0537109375,-5.717614650726318,-4529.39208984375
