,ch1,ch2,ch3,ch4
0,-1.721614122390747,513.5078735351562,-441.968994140625,-37.430355072021484
1,-1.723328948020935,438.0881042480469,-225.40025329589844,40.01780319213867
2,2.0610671043395996,114.3615951538086,29.78499984741211,-142.73086547851562
3,13.351175308227539,-119.22418975830078,128.163818359375,-287.26654052734375
4,-10.43425464630127,-78.66529083251953,158.26004028320312,-61.4239387512207
5,-3.686253070831299,-95.55919647216797,217.23373413085938,335.8415222167969
6,19.698305130004883,-320.58544921875,294.3861389160156,452.9008483886719
7,-13.274182319641113,-298.86492919921875,316.63720703125,246.32461547851562
8,-6.453564643859863,108.69635009765625,299.296142578125,-95.76868438720703
9,23.649747848510742,368.7849426269531,324.0762634277344,-255.26715087890625
10,0.0966067761182785,179.07984924316406,321.0853271484375,-76.0282211303711
11,-24.21837615966797,-102.1382827758789,311.23602294921875,272.3643798828125
12,4.0924224853515625,-84.09122467041016,292.4241943359375,502.635009765625
13,20.454795837402344,-89.68867492675781,251.62071228027344,439.04901123046875
14,-21.36574935913086,-513.5499267578125,258.6368103027344,443.8210754394531
15,-1.0579442977905273,-934.2913208007812,217.6763153076172,835.1232299804688
16,30.755712509155273,-774.8894653320312,170.75628662109375,1253.9677734375
17,-22.331501007080078,-167.7646942138672,182.74708557128906,1112.8509521484375
18,-15.872810363769531,264.134765625,146.9886016845703,663.19384765625
19,27.76321029663086,362.6423034667969,96.0905990600586,589.653076171875
