,ch1,ch2,ch3,ch4
0,1.0507410764694214,140.718994140625,4.500443458557129,-494.3227233886719
1,6.463064193725586,415.8306884765625,-11.927645683288574,-714.8600463867188
2,5.579342842102051,353.1810607910156,-3.9324228763580322,-481.2861022949219
3,-5.128020286560059,97.4701156616211,7.580674171447754,-80.13060760498047
4,3.57582688331604,-73.89863586425781,-5.426843643188477,157.4551239013672
5,-2.332333564758301,-105.32604217529297,5.070638179779053,294.8347473144531
6,0.3335445821285248,-70.29529571533203,-5.890368461608887,409.5218200683594
7,1.9991788864135742,-140.8004913330078,0.845470666885376,515.245361328125
8,-8.5228910446167,-249.55760192871094,10.309657096862793,413.9340515136719
9,0.9391937851905823,-167.7941436767578,-2.564375877380371,-14.3756103515625
10,-1.030397891998291,128.8575897216797,3.890406370162964,-267.1472473144531
11,2.138347625732422,404.02789306640625,-10.821602821350098,-42.34999465942383
12,3.4666221141815186,351.70623779296875,-2.505343437194824,289.4515686035156
13,-4.5766987800598145,84.75772094726562,8.53564167022705,433.2672119140625
14,5.369678020477295,-97.46730041503906,-3.4443540573120117,434.30645751953125
15,0.3256416916847229,-122.17488098144531,5.582417011260986,453.631591796875
16,2.2922470569610596,-85.34971618652344,-9.241499900817871,513.359130859375
17,2.8614399433135986,-164.40975952148438,-1.445814847946167,530.04150390625
18,-7.804666519165039,-266.33465576171875,12.12508773803711,327.33062744140625
19,2.392688512802124,-173.8544921875,-0.7705534100532532,-142.26231384277344
