,ch1,ch2,ch3,ch4
0,6.333385944366455,162.5465850830078,-7.89585542678833,101.23725128173828
1,2.98108172416687,350.0815124511719,1.5104999542236328,257.13543701171875
2,-4.693288326263428,280.1918029785156,-2.2489030361175537,346.9835510253906
3,1.0863081216812134,91.0866928100586,-5.202605724334717,313.0849914550781
4,-4.367363929748535,-73.74581146240234,6.930560111999512,-18.432065963745117
5,7.325836181640625,-68.6099624633789,-10.485072135925293,-455.58343505859375
6,2.788142681121826,-71.5292739868164,0.4749043583869934,-497.7892761230469
7,-4.871011734008789,-205.13050842285156,-0.39659610390663147,-213.9955596923828
8,4.268431186676025,-314.9960632324219,-0.10531454533338547,75.24403381347656
9,-1.8652907609939575,-181.92140197753906,12.479315757751465,106.02058410644531
10,5.680172443389893,180.63827514648438,-10.080105781555176,92.9466552734375
11,1.7602747678756714,365.1878967285156,-2.327383041381836,250.289794921875
12,-3.5612995624542236,277.2929992675781,-2.767899513244629,347.6880798339844
13,2.2085304260253906,80.39374542236328,-2.2127721309661865,311.6309814453125
14,-6.046134948730469,-78.81996154785156,10.94915771484375,-18.266292572021484
15,4.834050178527832,-56.41333770751953,-10.223281860351562,-454.2750549316406
16,1.097285509109497,-63.166404724121094,0.053151365369558334,-500.2474670410156
17,-6.6140241622924805,-203.8532257080078,1.7567839622497559,-217.37823486328125
18,1.2695049047470093,-298.76788330078125,-0.047846779227256775,70.63200378417969
19,-5.795812606811523,-168.5428466796875,9.965643882751465,99.7024917602539
