,ch1,ch2,ch3,ch4
0,7.073698043823242,2377.767333984375,-8.75253677368164,-3331.12890625
1,3.1711232662200928,1939.699951171875,0.628451406955719,-2616.1611328125
2,-7.427219390869141,1777.124267578125,3.9163272380828857,-2292.0361328125
3,1.7175348997116089,1235.887939453125,-0.031881485134363174,-1717.381103515625
4,-2.4521450996398926,531.328857421875,11.44545841217041,-994.2042846679688
5,5.816901206970215,363.6842956542969,-7.800333023071289,-848.8650512695312
6,4.16332483291626,212.36090087890625,0.18957871198654175,-650.0882568359375
7,-4.450384140014648,26.53482437133789,3.8524372577667236,-248.88916015625
8,3.4270999431610107,215.2232666015625,-1.0712089538574219,-495.3525390625
9,-0.9937192797660828,422.5361633300781,8.087766647338867,-1060.761962890625
10,5.818253040313721,291.24151611328125,-12.44742202758789,-955.590576171875
11,1.4218761920928955,79.81332397460938,-1.7151823043823242,-453.3818054199219
12,-6.27906608581543,69.76837921142578,4.484589576721191,-206.47450256347656
13,2.4108729362487793,-202.9228973388672,-0.058161064982414246,158.23585510253906
14,-3.3527891635894775,-624.1754760742188,10.500956535339355,575.9374389648438
15,5.456329345703125,-633.5972290039062,-10.64840316772461,571.9437255859375
16,3.258765935897827,-600.234619140625,-2.800063371658325,615.1837158203125
17,-7.27140998840332,-546.1321411132812,3.7045986652374268,730.9297485351562
18,-1.056477427482605,-238.17019653320312,0.7354004979133606,313.7224426269531
19,-5.952814102172852,54.2898063659668,8.783275604248047,-336.07659912109375
