,ch1,ch2,ch3,ch4
0,-0.9742125868797302,-468.72882080078125,9.76895809173584,585.0015869140625
1,8.575213432312012,-497.3232421875,-9.707993507385254,569.1139526367188
2,5.10446834564209,-449.62799072265625,0.9556547403335571,599.6088256835938
3,-6.345344543457031,-318.3583984375,5.162461280822754,591.1753540039062
4,0.3071960210800171,-15.155492782592773,-3.408886194229126,140.28468322753906
5,-3.2911410331726074,240.9697265625,7.030832290649414,-463.82843017578125
6,6.027099609375,331.6972351074219,-10.035079002380371,-636.134033203125
7,3.941739559173584,245.40994262695312,-1.6518408060073853,-363.15399169921875
8,-5.2721710205078125,193.90452575683594,3.572305202484131,-81.26020812988281
9,1.1502782106399536,19.254541397094727,0.9897741079330444,172.67591857910156
10,-4.91701602935791,-283.7560119628906,10.894390106201172,372.964599609375
11,4.127394676208496,-368.5677795410156,-10.112641334533691,406.58123779296875
12,3.9730381965637207,-348.2939758300781,-0.24899859726428986,479.7754821777344
13,-5.63637113571167,-187.6934356689453,5.2720770835876465,426.5478210449219
14,0.5828251242637634,78.7229995727539,-1.0648151636123657,-0.12083008140325546
15,-3.132521390914917,286.61895751953125,7.671136856079102,-534.8298950195312
16,7.212612628936768,408.5158996582031,-13.172523498535156,-731.7418212890625
17,4.709516525268555,313.6160583496094,-1.963415503501892,-469.4914245605469
18,-6.40744161605835,205.43309020996094,5.093607425689697,-122.28624725341797
19,0.8232601284980774,43.94575500488281,-2.1083555221557617,132.26792907714844
