,ch1,ch2,ch3,ch4
0,1.2127019166946411,387.9676208496094,-0.2783505320549011,-532.5457763671875
1,3.1059131622314453,387.50653076171875,-11.400276184082031,-383.3218688964844
2,4.56124210357666,209.1703338623047,-1.796057939529419,-30.221174240112305
3,-7.700491905212402,-35.726192474365234,9.963006019592285,184.3217315673828
4,0.4481133818626404,-279.7434387207031,-5.205141544342041,144.51971435546875
5,-2.0192530155181885,-430.15252685546875,2.605839729309082,159.55772399902344
6,-0.03082885779440403,-378.20880126953125,-7.3961262702941895,308.0938720703125
7,2.6782655715942383,-425.88848876953125,1.0469635725021362,329.6741027832031
8,-6.303344249725342,-609.8939208984375,10.756321907043457,105.97907257080078
9,3.6555442810058594,-499.0290832519531,-4.221518516540527,-295.2079772949219
10,2.8041176795959473,-132.89183044433594,2.762830972671509,-528.8103637695312
11,5.584064483642578,103.38822174072266,-12.187230110168457,-377.6713562011719
12,4.480826377868652,42.608734130859375,-3.310892105102539,-27.599300384521484
13,-6.948697566986084,-379.99945068359375,12.385248184204102,189.32737731933594
14,3.854464530944824,-959.626953125,-3.1382060050964355,145.59608459472656
15,-1.5952578783035278,-1100.916748046875,3.8568217754364014,154.53369140625
16,-3.2682223320007324,-764.574951171875,-5.844771385192871,308.0622253417969
17,-1.313094973564148,-556.5804443359375,0.8587647080421448,337.407470703125
18,-9.349935531616211,-563.3294067382812,9.416293144226074,109.50541687011719
19,0.7763633728027344,-385.2501525878906,-2.1570029258728027,-297.80401611328125
