,ch1,ch2,ch3,ch4
0,0.18310509622097015,326.005859375,2.3416457176208496,-12.831914901733398
1,-3.821476697921753,232.91586303710938,9.795854568481445,-489.0478515625
2,6.865746021270752,246.5220184326172,-13.31054973602295,-711.4937133789062
3,4.832385063171387,-2833.112548828125,-2.933568000793457,3247.2587890625
4,-4.940648555755615,-8765.703125,4.175385475158691,10682.6748046875
5,1.053929090499878,-10345.4921875,0.4528067708015442,12534.29296875
6,-4.527486801147461,-7254.6357421875,10.04041862487793,8579.5087890625
7,6.10846471786499,-4027.11669921875,-9.17204761505127,4841.88134765625
8,4.075883865356445,-2110.487548828125,0.37943243980407715,3048.762451171875
9,-5.892782211303711,-1091.876220703125,3.1670687198638916,2086.922119140625
10,2.3310439586639404,185.5378875732422,-2.6419997215270996,180.74595642089844
11,-3.3595402240753174,1435.1114501953125,6.648018836975098,-1958.4366455078125
12,3.8951785564422607,1872.2840576171875,-12.225107192993164,-2707.929931640625
13,2.0749146938323975,2127.171875,0.18274308741092682,-2854.83154296875
14,-7.13707971572876,2672.513671875,4.832977771759033,-3396.956298828125
15,-0.6392095685005188,2584.721435546875,-0.25635138154029846,-3380.171630859375
16,-4.625871658325195,2134.140380859375,11.27812385559082,-2967.154541015625
17,6.208810806274414,2519.212890625,-10.838165283203125,-3197.5576171875
18,3.335325241088867,2995.044677734375,-3.9811737537384033,-3228.697021484375
19,-7.844384670257568,2857.94677734375,1.0814809799194336,-2780.9833984375
