,ch1,ch2,ch3,ch4
0,0.7182028293609619,743.9607543945312,-1.703244924545288,-39.44053649902344
1,-6.569978713989258,240.37368774414062,12.011797904968262,185.21493530273438
2,5.958341121673584,-118.5894546508789,-5.4214653968811035,157.01513671875
3,3.9702935218811035,-241.0233154296875,0.72414231300354,154.44712829589844
4,-1.7201179265975952,-361.0081481933594,-4.494154930114746,310.65814208984375
5,0.13946112990379333,-522.4273681640625,-0.07069126516580582,341.56072998046875
6,-4.565243244171143,-562.0830688476562,9.079208374023438,108.95496368408203
7,6.5177321434021,-311.0523681640625,-3.1810998916625977,-308.5699462890625
8,1.4549894332885742,287.2701721191406,8.256304740905762,-527.8731689453125
9,-1.4702988862991333,819.7057495117188,-4.752194404602051,-363.0661926269531
10,1.7508504390716553,740.0907592773438,-2.249941825866699,-38.074913024902344
11,-7.394912242889404,243.0428466796875,12.621647834777832,183.63609313964844
12,2.5865108966827393,-115.35274505615234,-7.374104976654053,149.04449462890625
13,-1.5165412425994873,-238.07823181152344,-2.2140450477600098,144.8072052001953
14,-5.161909103393555,-345.6976013183594,-4.80934476852417,299.3737487792969
15,1.8195289373397827,-517.9780883789062,2.7865071296691895,338.00653076171875
16,-2.660287380218506,-578.4970703125,11.188556671142578,116.46404266357422
17,6.049600124359131,-299.94671630859375,-10.349191665649414,-312.26434326171875
18,1.4819024801254272,306.700927734375,-0.8398668766021729,-536.884765625
19,-1.1291791200637817,805.079833984375,-4.896218299865723,-359.630126953125
