,ch1,ch2,ch3,ch4
0,-1.931262731552124,657.994873046875,16.12081527709961,-151.39926147460938
1,27.387746810913086,913.3025512695312,-277.7642517089844,-500.0681457519531
2,-10.91751766204834,975.5789794921875,-655.8809204101562,-568.0932006835938
3,-8.938027381896973,1135.3404541015625,-757.2476806640625,-329.3666076660156
4,18.91693878173828,1190.4927978515625,-550.1753540039062,-233.22959899902344
5,-13.169734954833984,705.1346435546875,-272.51556396484375,-370.9996032714844
6,-8.8114013671875,68.3428955078125,-135.35122680664062,-440.330322265625
7,14.25776195526123,-170.58973693847656,-108.19487762451172,-204.84046936035156
8,4.935311317443848,-102.96212005615234,-33.076786041259766,203.68438720703125
9,-12.181740760803223,62.96565246582031,110.87684631347656,394.73101806640625
10,-4.905001163482666,295.0997619628906,142.11605834960938,196.89862060546875
11,17.936288833618164,446.15533447265625,-112.46234130859375,-158.4407501220703
12,-3.3667571544647217,514.87744140625,-458.20904541015625,-246.9919891357422
13,-3.54671573638916,673.1246948242188,-542.0475463867188,-52.561805725097656
14,11.198986053466797,664.9633178710938,-323.410888671875,21.01266860961914
15,-8.438286781311035,231.47189331054688,-45.37162399291992,-143.08799743652344
16,0.15470202267169952,-311.8308410644531,75.2968521118164,-269.0630187988281
17,2.384688377380371,-596.8334350585938,92.82052612304688,-60.233097076416016
18,-4.036498069763184,-524.4563598632812,163.07077026367188,344.0285339355469
19,-5.713346004486084,-243.52857971191406,289.65386962890625,500.7337951660156
