,ch1,ch2,ch3,ch4
0,2.4006950855255127,274.03985595703125,-1.3061007261276245,-481.26953125
1,-6.1569929122924805,-272.6275939941406,4.981863021850586,-94.12676239013672
2,-0.7391592860221863,-726.8165893554688,0.886542558670044,171.0234375
3,-6.892403602600098,-799.9053955078125,8.92092514038086,305.07098388671875
4,2.6996986865997314,-394.0488586425781,-10.977188110351562,398.7438659667969
5,0.48391208052635193,72.8094253540039,0.5279167294502258,519.2998046875
6,-7.272841930389404,345.2949523925781,5.040130615234375,399.426513671875
7,1.7936290502548218,510.8229675292969,-1.8923962116241455,-19.029823303222656
8,-2.7858903408050537,549.3529052734375,6.0790581703186035,-493.06439208984375
9,6.918863296508789,502.7370300292969,-13.21839427947998,-714.9495849609375
10,4.542489528656006,427.0305480957031,-2.0796728134155273,-477.9402770996094
11,-4.600121021270752,324.84991455078125,3.758573532104492,-92.74593353271484
12,1.5927237272262573,3.246713161468506,1.1934336423873901,171.09475708007812
13,-4.814025402069092,-309.8145446777344,11.218744277954102,305.6584777832031
14,5.873534679412842,-135.78981018066406,-10.393047332763672,396.3147888183594
15,3.7825005054473877,230.8802490234375,-0.015891971066594124,517.7633666992188
16,-6.449408531188965,454.80206298828125,5.2892608642578125,402.45953369140625
17,1.4857475757598877,513.0333251953125,-0.9239360690116882,-14.306924819946289
18,-3.120807647705078,450.27337646484375,6.752796173095703,-490.02044677734375
19,5.8844757080078125,389.75616455078125,-13.624704360961914,-716.7755126953125
