,ch1,ch2,ch3,ch4
0,0.6933689713478088,117.64285278320312,5.5720391273498535,164.86044311523438
1,-2.7769532203674316,-212.32179260253906,-2.3557283878326416,302.8045654296875
2,-0.22141139209270477,-465.02301025390625,-3.3819637298583984,335.7305603027344
3,-8.119200706481934,-407.8362121582031,6.090329170227051,114.14080810546875
4,5.094167709350586,-183.86036682128906,-10.508710861206055,-320.357666015625
5,1.436503291130066,38.060218811035156,-1.3558356761932373,-543.396240234375
6,-1.511572003364563,166.78338623046875,-8.453374862670898,-360.6018981933594
7,0.6127642393112183,266.6557312011719,-1.0628961324691772,-36.933284759521484
8,-9.224710464477539,358.6405334472656,12.014460563659668,175.19537353515625
9,5.19756555557251,322.05255126953125,-6.900118827819824,150.52731323242188
10,4.810484886169434,130.60379028320312,4.764373779296875,154.91184997558594
11,1.720847725868225,-214.8946533203125,-1.2527707815170288,303.2815856933594
12,3.814578056335449,-461.5218811035156,-0.8546769618988037,339.3050537109375
13,-6.742859840393066,-403.7340393066406,10.126279830932617,118.215576171875
14,2.9428422451019287,-195.83084106445312,-4.684907913208008,-310.5920715332031
15,0.8021089434623718,28.73764991760254,3.7996246814727783,-533.677978515625
16,-0.7045590281486511,168.57835388183594,-6.244475841522217,-356.9483642578125
17,2.020045042037964,271.74578857421875,-1.2786386013031006,-38.708290100097656
18,-7.801280975341797,363.870361328125,11.663917541503906,173.57876586914062
19,2.9984521865844727,319.9508361816406,-6.620016098022461,153.30690002441406
