,ch1,ch2,ch3,ch4
0,-3.2993083000183105,207.9075927734375,-2.605795383453369,-311.5229797363281
1,-1.4067285060882568,471.739990234375,2.4872429370880127,-200.3747100830078
2,3.3769242763519287,425.3983154296875,-9.236926078796387,81.22600555419922
3,4.525344371795654,147.14688110351562,-10.274988174438477,226.8173065185547
4,-5.098609447479248,-1387.184326171875,3.04248309135437,-1469.9095458984375
5,-2.4220073223114014,-4086.5673828125,1.1489017009735107,-4684.61083984375
6,-2.3252384662628174,-4730.498046875,7.033191204071045,-5347.31982421875
7,4.419389724731445,-3292.80517578125,-2.4278640747070312,-3498.127197265625
8,8.537922859191895,-1906.2738037109375,-3.2334697246551514,-1934.3541259765625
9,-2.058126449584961,-1094.4818115234375,7.728946208953857,-1283.8431396484375
10,0.360636442899704,-794.6942749023438,2.290418863296509,-1045.5994873046875
11,0.08282183855772018,-413.5372314453125,2.2798655033111572,-280.6581726074219
12,2.200206756591797,82.59329223632812,-7.672134876251221,725.7393188476562
13,3.9577088356018066,300.6675109863281,-4.626867771148682,1093.6524658203125
14,-3.9723153114318848,553.584716796875,4.309018135070801,1193.1220703125
15,-0.08115435391664505,958.8373413085938,0.2494017779827118,1475.64453125
16,-0.48613637685775757,1088.0611572265625,8.266237258911133,1615.181884765625
17,1.1355642080307007,999.2738037109375,-4.138669490814209,1551.7315673828125
18,1.1654162406921387,1159.3533935546875,-6.194969177246094,1581.805908203125
19,-7.116231441497803,1360.2684326171875,8.436214447021484,1458.787109375
