,ch1,ch2,ch3,ch4
0,1.854178786277771,119.41755676269531,5.928747177124023,164.0019073486328
1,-1.9387563467025757,-216.31704711914062,-1.9378420114517212,304.90106201171875
2,0.19868558645248413,-467.3418273925781,-0.2414872646331787,336.4170837402344
3,-8.47429370880127,-405.3018798828125,10.9302339553833,114.08479309082031
4,2.6007943153381348,-194.6634979248047,-4.888489246368408,-314.2193908691406
5,1.638364553451538,27.0432071685791,1.6789984703063965,-536.859619140625
6,2.3617496490478516,174.20184326171875,-8.860422134399414,-360.22747802734375
7,4.07784366607666,282.8447570800781,-0.7818421721458435,-38.893680572509766
8,-8.913724899291992,364.8883056640625,14.013959884643555,177.00009155273438
9,0.6559244394302368,310.7875671386719,-6.483728408813477,159.3323211669922
10,-0.6065821647644043,121.89630126953125,1.832350254058838,160.8323516845703
11,-0.5318869352340698,-217.26177978515625,-4.075140476226807,301.2010498046875
12,3.445981740951538,-468.9926452636719,-1.0889594554901123,337.65484619140625
13,-6.343687057495117,-407.4090270996094,10.781944274902344,118.9825210571289
14,3.909467935562134,-190.80850219726562,-4.787751197814941,-310.9399719238281
15,1.3855104446411133,34.730857849121094,1.9142131805419922,-536.0576782226562
16,0.4876864552497864,172.9888916015625,-8.751150131225586,-359.201904296875
17,4.7087812423706055,277.0286865234375,-2.5176734924316406,-39.1663932800293
18,-4.456409931182861,362.6282958984375,11.165504455566406,175.8843231201172
19,5.507297039031982,307.0244445800781,-6.088263988494873,161.03265380859375
