,ch1,ch2,ch3,ch4
0,3.42366099357605,205.9803009033203,-5.223207473754883,-364.8237609863281
1,3.995107889175415,29.456254959106445,-2.3274621963500977,-39.169891357421875
2,-8.51876449584961,-342.9172058105469,5.187014579772949,176.5257568359375
3,2.609401226043701,-663.4959106445312,-8.603262901306152,159.11068725585938
4,1.2504136562347412,-659.7330932617188,4.608746528625488,161.92979431152344
5,1.3531558513641357,-446.3348693847656,-8.824834823608398,297.6728820800781
6,2.1253621578216553,-199.95167541503906,-3.7467784881591797,334.16357421875
7,-8.013898849487305,-60.04664611816406,14.223480224609375,113.64380645751953
8,3.034543991088867,44.885009765625,-0.7727949619293213,-308.7751770019531
9,-2.594803810119629,150.9560089111328,2.7396962642669678,-533.50048828125
10,-3.3427693843841553,158.8744354248047,-9.495321273803711,-368.1885986328125
11,0.9925596117973328,264.5834045410156,0.038672853261232376,-39.72378921508789
12,-7.4734697341918945,390.2466125488281,11.079360961914062,178.41006469726562
13,5.520828723907471,225.0133514404297,-8.552613258361816,157.44276428222656
14,2.4204864501953125,-7.49971866607666,2.3453876972198486,161.31858825683594
15,0.6358909606933594,-23.56334686279297,-8.647191047668457,299.3736572265625
16,2.4593076705932617,110.08687591552734,-2.990530490875244,338.2427978515625
17,-6.688418865203857,197.7797393798828,13.194969177246094,119.05331420898438
18,5.254831314086914,224.1129913330078,-3.6718525886535645,-310.5989685058594
19,2.289114475250244,229.25381469726562,1.4203083515167236,-535.2471923828125
