,ch1,ch2,ch3,ch4
0,-1.5107505321502686,-284.26080322265625,39.39683151245117,163.97145080566406
1,0.43749484419822693,-564.9244995117188,26.77300453186035,279.1894836425781
2,6.616450309753418,-377.8826904296875,35.55564880371094,304.4307861328125
3,-11.742912292480469,-94.98165130615234,21.836484909057617,110.71450805664062
4,1.3737709522247314,-237.1954803466797,-2.4634830951690674,-316.65185546875
5,8.569665908813477,-274.07415771484375,15.183969497680664,-564.3403930664062
6,4.60801887512207,-64.74464416503906,-14.577077865600586,-382.21820068359375
7,-3.4423182010650635,-41.734092712402344,-18.47654151916504,-32.65068054199219
8,-7.0968122482299805,-102.26126861572266,5.803565979003906,161.7285919189453
9,8.457221031188965,-100.32595825195312,-15.633729934692383,134.56072998046875
10,-4.186669826507568,-253.59561157226562,-16.24212074279785,161.9052276611328
11,-0.7522639036178589,-432.4289245605469,-19.89789581298828,289.614013671875
12,4.86488151550293,-242.5597686767578,-6.965911388397217,322.90264892578125
13,-14.840211868286133,9.092459678649902,-3.1317710876464844,125.18244171142578
14,-1.699729561805725,-45.782020568847656,-24.05776023864746,-309.7351379394531
15,5.191356182098389,-52.514801025390625,-12.428252220153809,-557.1780395507812
16,3.706603765487671,81.948486328125,-26.735267639160156,-374.1354675292969
17,-0.9863576889038086,-115.66886901855469,-13.541563987731934,-25.46294593811035
18,-6.927272796630859,-578.5719604492188,6.976496696472168,173.90274047851562
19,7.453352451324463,-734.8915405273438,-14.20873737335205,147.86236572265625
