,ch1,ch2,ch3,ch4
0,-11.68031120300293,6110.37353515625,12.895750045776367,-3162.82568359375
1,-1.1643247604370117,5050.412109375,-1.8052624464035034,-2980.906005859375
2,-0.520125687122345,5491.5859375,-0.923780620098114,-3284.345703125
3,2.7230260372161865,4980.04833984375,-12.259886741638184,-2732.122802734375
4,5.241832733154297,3500.940185546875,0.8326443433761597,-1659.4012451171875
5,-1.118190884590149,3120.378662109375,8.21862506866455,-1379.8358154296875
6,6.1231584548950195,2748.684326171875,-4.799042224884033,-1302.179443359375
7,-1.3611918687820435,1472.327392578125,9.679071426391602,-656.2490234375
8,3.6785852909088135,1086.294189453125,-6.721426486968994,-301.7680969238281
9,5.677206039428711,1217.349609375,-4.091452598571777,-373.17706298828125
10,-9.298171043395996,310.6513366699219,10.672835350036621,-193.49871826171875
11,-0.2674344480037689,-241.55490112304688,-1.0280998945236206,-270.5068359375
12,1.026280403137207,393.0106201171875,1.1860052347183228,-666.031005859375
13,3.3522071838378906,409.67852783203125,-13.767873764038086,-387.0206604003906
14,2.4696264266967773,-325.4996643066406,-2.093275308609009,302.8645324707031
15,-4.9810943603515625,-359.3665771484375,8.288430213928223,409.23150634765625
16,4.169854164123535,-345.8746032714844,-6.595185279846191,288.45892333984375
17,-2.2977774143218994,-911.2971801757812,5.252548694610596,565.6597290039062
18,1.5680588483810425,-878.3060913085938,-7.176125526428223,705.4498291015625
19,2.9136886596679688,-543.193603515625,-2.000993251800537,528.2045288085938
