,ch1,ch2,ch3,ch4
0,5.069258213043213,-68.41192626953125,-11.572503089904785,-478.41357421875
1,5.031867504119873,-80.61376953125,-2.2973530292510986,-477.0345153808594
2,-2.7956576347351074,-206.9481964111328,-0.7264414429664612,-211.7698211669922
3,1.7767020463943481,-306.5560607910156,-0.2834239602088928,51.07213592529297
4,-3.3853864669799805,-186.554443359375,11.990076065063477,114.50977325439453
5,6.590787410736084,160.25067138671875,-5.939904689788818,118.8218002319336
6,2.3632497787475586,359.8561096191406,2.4488346576690674,249.44097900390625
7,-3.2458648681640625,282.32135009765625,-0.9131947755813599,352.2744445800781
8,2.2775683403015137,87.923828125,-2.254896879196167,336.0058288574219
9,-6.0727128982543945,-65.60929870605469,9.303023338317871,-12.400163650512695
10,4.018421649932861,-64.27279663085938,-9.012565612792969,-450.7490234375
11,0.018242673948407173,-76.22124481201172,2.5530998706817627,-475.38555908203125
12,-6.884509563446045,-202.1878662109375,2.7044103145599365,-204.9254913330078
13,1.2540230751037598,-309.1206359863281,2.124318838119507,65.61185455322266
14,-4.2238240242004395,-181.80581665039062,12.443117141723633,110.51597595214844
15,6.1552958488464355,181.1634063720703,-10.298404693603516,109.9710922241211
16,2.8313331604003906,373.1388244628906,-2.017927885055542,255.2583465576172
17,-5.465506553649902,283.34881591796875,-2.1043717861175537,350.364013671875
18,-0.4758758842945099,87.10658264160156,-1.3407899141311646,324.78326416015625
19,-4.296499252319336,-67.9624252319336,12.602691650390625,-11.99842643737793
