,ch1,ch2,ch3,ch4
0,-7.75372838973999,527.0740966796875,12.829058647155762,183.6206817626953
1,5.738541603088379,366.66790771484375,-8.307842254638672,153.09628295898438
2,-0.3385399580001831,95.02503204345703,8.929585456848145,161.53793334960938
3,-0.5691310167312622,54.11196517944336,-4.3790435791015625,299.8743896484375
4,0.9280928373336792,189.32937622070312,-3.1845054626464844,334.7911071777344
5,-10.819242477416992,248.90481567382812,16.62413215637207,117.37794494628906
6,3.3805959224700928,244.4105987548828,-0.7657379508018494,-308.5345458984375
7,2.7282931804656982,261.4701843261719,-1.5534257888793945,-537.4070434570312
8,1.8928486108779907,216.18955993652344,-11.43436336517334,-367.91455078125
9,3.3435819149017334,18.3035888671875,0.516589879989624,-33.782005310058594
10,-3.479999303817749,-353.33282470703125,7.1442718505859375,178.41873168945312
11,7.940942287445068,-643.4583129882812,-10.534964561462402,154.45729064941406
12,-1.1844522953033447,-651.27783203125,5.967044353485107,163.0547637939453
13,-1.9875634908676147,-454.289306640625,-10.116036415100098,297.8546142578125
14,1.6140682697296143,-218.0666961669922,-4.802265644073486,336.4388427734375
15,-8.884500503540039,-77.96517944335938,17.859891891479492,118.8861312866211
16,4.863313674926758,54.936927795410156,-2.788039445877075,-314.63458251953125
17,3.3317227363586426,171.30104064941406,-2.661419630050659,-539.7218017578125
18,2.504427433013916,164.8511962890625,-8.646162986755371,-364.20587158203125
19,2.420153856277466,32.931331634521484,1.7036744356155396,-34.99824142456055
