,ch1,ch2,ch3,ch4
0,-6.8729729652404785,360.808837890625,11.2400484085083,173.39686584472656
1,5.0075459480285645,311.8183288574219,-6.100950717926025,159.8425750732422
2,4.161497592926025,111.99755096435547,2.4479033946990967,164.3564453125
3,1.1534825563430786,-224.28582763671875,-5.366480827331543,303.5379638671875
4,2.7740683555603027,-462.9102478027344,-1.4265148639678955,337.1085205078125
5,-5.370375156402588,-405.8330993652344,9.891705513000488,118.0842514038086
6,6.261718273162842,-184.03146362304688,-9.909146308898926,-316.7568359375
7,2.2947194576263428,45.439292907714844,-1.0227299928665161,-540.88916015625
8,-0.237596333026886,172.83229064941406,-8.05118179321289,-357.60272216796875
9,2.349684238433838,262.5514221191406,-1.46910560131073,-36.08370590209961
10,-7.872817039489746,346.88568115234375,16.330162048339844,177.19705200195312
11,5.244163513183594,326.21417236328125,-5.148909091949463,149.78651428222656
12,2.6272199153900146,141.47531127929688,-2.7571218013763428,151.33151245117188
13,-6.037317752838135,-238.24072265625,-2.547872543334961,307.78790283203125
14,-4.226547718048096,-491.088134765625,6.221820831298828,344.1973571777344
15,-6.940394401550293,-381.51177978515625,7.15131950378418,110.41401672363281
16,4.9066667556762695,-159.57183837890625,-12.674500465393066,-321.576416015625
17,-1.519412875175476,22.40089225769043,6.736738681793213,-533.2982788085938
18,-0.5666797161102295,160.92428588867188,-3.5050048828125,-353.89080810546875
19,6.631857872009277,282.84197998046875,-7.322367191314697,-40.33509826660156
