,ch1,ch2,ch3,ch4
0,-6.5764079093933105,75.3089599609375,9.564626693725586,426.9454345703125
1,6.461264610290527,276.80670166015625,-4.008248805999756,2.178044319152832
2,2.7829391956329346,376.2870788574219,2.8631725311279297,-515.9682006835938
3,2.1480746269226074,389.2354736328125,-12.104894638061523,-717.3240966796875
4,2.7525084018707275,215.11209106445312,-4.412041187286377,-459.0125427246094
5,-5.670339584350586,-37.23847198486328,7.2424492835998535,-89.24774169921875
6,4.025722026824951,-291.093994140625,-2.4656312465667725,141.85079956054688
7,-1.3666086196899414,-428.1280517578125,8.093348503112793,318.0118103027344
8,-0.9757402539253235,-373.7893981933594,-6.304147720336914,417.68597412109375
9,-0.9752141237258911,-210.7849578857422,4.198634147644043,497.5885314941406
10,-10.266847610473633,60.69969940185547,15.021312713623047,429.7841796875
11,3.068025588989258,286.3091125488281,-5.308285236358643,-2.219275712966919
12,1.572517991065979,392.85968017578125,1.7878823280334473,-299.2942199707031
13,1.873291254043579,392.7751770019531,-10.232635498046875,-51.57603073120117
14,0.30338457226753235,203.4291534423828,-4.6465229988098145,322.3578796386719
15,-9.955221176147461,-43.522666931152344,5.99245548248291,432.4413757324219
16,2.6859383583068848,-277.296142578125,-5.59782600402832,410.7288818359375
17,0.8449203372001648,-421.9436340332031,5.51652193069458,472.27569580078125
18,2.3758206367492676,-371.56396484375,-5.490504264831543,522.1410522460938
19,3.387063503265381,-193.89735412597656,1.1634434461593628,500.64794921875
