,ch1,ch2,ch3,ch4
0,-5.793513298034668,100.68971252441406,9.74949836730957,115.06057739257812
1,3.5512688159942627,416.6092224121094,-6.154392719268799,-313.48382568359375
2,-0.4792308509349823,593.0084838867188,6.767717361450195,-537.9951171875
3,-0.6784043908119202,531.9960327148438,-3.383344888687134,-357.4801330566406
4,4.81527853012085,294.77606201171875,-4.7413482666015625,-271.9046325683594
5,-8.397483825683594,93.67427062988281,12.64261531829834,-497.43365478515625
6,2.270784854888916,61.12773132324219,-4.2309184074401855,-621.2130126953125
7,2.309950113296509,33.301429748535156,2.5111446380615234,-361.9235534667969
8,-2.2450473308563232,-80.913330078125,-2.2650082111358643,27.523813247680664
9,0.7641439437866211,-207.51930236816406,-0.5927634239196777,176.88232421875
10,-6.462831497192383,-116.3447265625,8.972688674926758,10.139243125915527
11,5.8468780517578125,189.0027313232422,-8.139211654663086,-326.9183044433594
12,2.296077013015747,387.1329040527344,3.1770873069763184,-446.83624267578125
13,-1.913527488708496,324.5992126464844,-4.838450908660889,-230.2818603515625
14,2.774890422821045,75.85918426513672,-3.9003939628601074,-118.84778594970703
15,-5.708083152770996,-73.931884765625,10.138551712036133,-290.1493225097656
16,6.482362270355225,-55.79619598388672,-8.083931922912598,-403.7139892578125
17,3.70998215675354,-96.86027526855469,2.4447436332702637,-158.7521209716797
18,-2.578328847885132,-208.81338500976562,-1.671697974205017,254.12599182128906
19,-0.581184983253479,-304.2348937988281,-0.23371407389640808,412.0425720214844
