,ch1,ch2,ch3,ch4
0,-0.6492760181427002,-176.31179809570312,-1.3193132877349854,343.61614990234375
1,-9.838179588317871,-135.5006561279297,11.20063591003418,118.24846649169922
2,3.9220690727233887,-25.42835807800293,-2.8262529373168945,-315.2624816894531
3,0.343023419380188,300.6385498046875,9.796486854553223,-531.7694091796875
4,8.178568840026855,713.3868408203125,-13.845602989196777,-372.40423583984375
5,9.687638282775879,912.3365478515625,-13.89511775970459,-49.24341583251953
6,-17.239748001098633,730.0807495117188,20.397489547729492,189.50799560546875
7,-4.54082727432251,288.11810302734375,12.13630485534668,173.3332061767578
8,7.47575044631958,33.238128662109375,-4.608511447906494,145.94198608398438
9,1.8628101348876953,-6.41338586807251,-19.098114013671875,283.505615234375
10,-9.620100975036621,-66.34783935546875,13.130889892578125,358.12005615234375
11,-8.032679557800293,-38.60322952270508,14.677443504333496,126.43799591064453
12,11.906292915344238,27.994203567504883,-252.2711944580078,-323.1911926269531
13,-5.236949443817139,-3533.923095703125,-432.77899169921875,-763.97119140625
14,-1.2414041757583618,-10226.275390625,-102.6133804321289,-1036.780029296875
15,9.412979125976562,-11611.7021484375,244.20664978027344,-819.1641845703125
16,-8.457335472106934,-7717.591796875,247.6083526611328,-339.4372253417969
17,2.9820215702056885,-4350.0244140625,119.5376968383789,-114.02832794189453
18,4.724637985229492,-2755.601806640625,55.89854431152344,-0.32327109575271606
19,1.8690636157989502,-1952.93896484375,81.90771484375,184.79200744628906
