,ch1,ch2,ch3,ch4
0,0.8622786998748779,43.2533073425293,-3.4516024589538574,244.5314178466797
1,-5.5578203201293945,-92.56643676757812,5.959867477416992,516.57275390625
2,6.010962963104248,-75.1053695678711,-7.338606834411621,493.5802001953125
3,1.0302562713623047,-121.16077423095703,6.592166423797607,446.3709411621094
4,-4.926909923553467,-214.97218322753906,-2.0305724143981934,609.72607421875
5,-1.0645596981048584,-283.37908935546875,-4.790503025054932,642.6626586914062
6,-8.807965278625488,-188.5567626953125,8.249496459960938,357.5776672363281
7,3.8552119731903076,115.74066925048828,-7.695866107940674,-95.64575958251953
8,2.628561496734619,355.95697021484375,1.5041550397872925,-308.671875
9,-1.3233338594436646,309.66693115234375,-3.700507640838623,-176.3015899658203
10,3.254063129425049,49.18749237060547,-0.6444991230964661,-135.5477294921875
11,-4.283081531524658,-85.82856750488281,10.791926383972168,-350.3959045410156
12,4.972498893737793,-45.68104934692383,-8.416662216186523,-502.32330322265625
13,1.4115720987319946,-92.60113525390625,3.5211830139160156,-297.6923522949219
14,0.9346895217895508,-202.3268585205078,-0.5809383988380432,94.87738800048828
15,5.158444404602051,-273.6477355957031,0.5519422888755798,244.07398986816406
16,-6.986439228057861,-175.78482055664062,11.588654518127441,30.725038528442383
17,4.539647102355957,132.96849060058594,-10.256665229797363,-320.7908020019531
18,2.017223596572876,367.6745300292969,-1.2371853590011597,-421.6615905761719
19,-3.762389898300171,316.6808776855469,-3.8388280868530273,-227.355224609375
