,ch1,ch2,ch3,ch4
0,-0.05269083008170128,1183.77197265625,4.417388439178467,1079.0638427734375
1,0.5830631256103516,994.2281494140625,4.679720401763916,1123.6087646484375
2,0.6601430773735046,929.5071411132812,-5.993749141693115,1457.300048828125
3,3.524218797683716,757.0018310546875,-5.65006160736084,1367.7449951171875
4,-2.9681310653686523,701.702392578125,2.592247247695923,1095.8045654296875
5,-0.34954145550727844,783.8641967773438,-0.38711100816726685,998.5194702148438
6,-0.22561421990394592,683.3983764648438,7.578545570373535,887.2955322265625
7,4.344822406768799,471.7564392089844,-4.762319087982178,686.72509765625
8,5.306377410888672,492.6291198730469,-7.864666938781738,555.0592651367188
9,-7.132066249847412,578.4147338867188,4.253971099853516,330.5189208984375
10,-4.619548797607422,386.65625,0.3575594425201416,-28.10160255432129
11,-1.1247820854187012,186.85665893554688,3.1878302097320557,15.583995819091797
12,4.146270751953125,90.49186706542969,-5.804455280303955,331.7088928222656
13,5.334169864654541,-39.05390167236328,-5.16290807723999,324.419189453125
14,-5.260843276977539,-23.19507598876953,3.3778767585754395,147.95773315429688
15,-4.096943378448486,84.39913940429688,0.2154213786125183,86.07013702392578
16,-4.593260765075684,38.52187728881836,7.060061454772949,64.43388366699219
17,1.1581029891967773,-79.06438446044922,-5.7226972579956055,-0.4259236752986908
18,5.701866149902344,-11.30350112915039,-7.128554821014404,-65.17137908935547
19,-4.5095672607421875,119.48515319824219,6.174127578735352,-224.1370086669922
