,ch1,ch2,ch3,ch4
0,2.4134483337402344,265.8288269042969,-4.295312881469727,-311.31640625
1,0.045166708528995514,259.5010681152344,4.039611339569092,-536.6284790039062
2,1.5984599590301514,224.0779266357422,-6.92624568939209,-363.96649169921875
3,5.308226585388184,50.95472717285156,-4.309737682342529,-39.29109191894531
4,-5.340929985046387,-351.89617919921875,7.662202835083008,175.48619079589844
5,3.5009942054748535,-654.0208740234375,-4.1434197425842285,160.7876739501953
6,-1.2502684593200684,-631.7484130859375,8.019009590148926,164.20819091796875
7,-1.2153871059417725,-447.3960266113281,-3.721038341522217,298.1923522949219
8,2.415780782699585,-200.50990295410156,-1.0901890993118286,333.8028564453125
9,-7.220957279205322,-36.894046783447266,10.449300765991211,113.62841033935547
10,3.732792854309082,55.49000549316406,-4.769309043884277,-312.8131408691406
11,1.8877304792404175,146.04766845703125,6.940069198608398,-535.7910766601562
12,2.8418667316436768,172.0695037841797,-3.6482651233673096,-362.5226745605469
13,3.543203115463257,277.9517517089844,-1.8125005960464478,-36.014652252197266
14,-7.727558135986328,374.7072448730469,8.734957695007324,177.11068725585938
15,6.134832859039307,225.23048400878906,-8.617180824279785,154.84066772460938
16,3.8916752338409424,10.893206596374512,1.0564295053482056,159.41819763183594
17,0.081827312707901,-33.51622772216797,-8.37591552734375,300.6822509765625
18,0.31488028168678284,106.13213348388672,-2.383962631225586,339.6878967285156
19,-8.737019538879395,217.46658325195312,11.575705528259277,120.39785766601562
