,ch1,ch2,ch3,ch4
0,1.6720649003982544,-651.0731811523438,8.390032768249512,167.871337890625
1,-1.3438465595245361,-448.9095764160156,-6.389652252197266,297.3135070800781
2,-1.4346630573272705,-200.73414611816406,-3.9789013862609863,333.3294982910156
3,-11.24850082397461,-39.306556701660156,11.672224044799805,115.09745025634766
4,2.959029197692871,70.41536712646484,-5.160086154937744,-312.33935546875
5,1.5635673999786377,171.9954071044922,0.3352845311164856,-537.6062622070312
6,1.3996635675430298,186.02175903320312,-8.36690902709961,-366.31561279296875
7,3.197598695755005,59.304664611816406,-0.3922375440597534,-39.63018035888672
8,-8.016008377075195,-273.0879821777344,9.137507438659668,176.3592987060547
9,2.4287703037261963,-541.6980590820312,-7.21086311340332,158.56707763671875
10,0.3113897442817688,-514.2535400390625,7.30690860748291,162.4443817138672
11,2.1455674171447754,-299.79766845703125,-2.86501145362854,298.9132385253906
12,3.2724666595458984,-36.73373794555664,-0.6609302759170532,335.6612854003906
13,-9.442008018493652,117.85761260986328,12.407941818237305,116.6476821899414
14,2.934624433517456,218.1435089111328,-2.922130584716797,-308.72808837890625
15,1.4741276502609253,314.1414489746094,3.8392910957336426,-532.1272583007812
16,1.1373779773712158,321.6144714355469,-8.370892524719238,-361.6222229003906
17,3.5148727893829346,414.6044006347656,-1.27641761302948,-34.54094696044922
18,-6.75905704498291,515.1676635742188,9.59760856628418,180.2781219482422
19,4.439650058746338,347.9039001464844,-10.291505813598633,154.9319305419922
