,ch1,ch2,ch3,ch4
0,3.472111940383911,513.1798706054688,-4.575740337371826,-485.0337219238281
1,-7.397878646850586,-58.869564056396484,7.775986194610596,-102.69942474365234
2,1.2245830297470093,-461.8368225097656,0.4789259731769562,179.6470947265625
3,-2.3229217529296875,-471.97076416015625,6.719732761383057,308.70263671875
4,5.208193778991699,-130.56979370117188,-13.34953784942627,381.119140625
5,6.432741165161133,154.71853637695312,-1.728916049003601,518.1964111328125
6,-6.649994373321533,348.7572937011719,10.642647743225098,433.1011962890625
7,1.5748857259750366,599.4735717773438,-2.6754274368286133,-26.4105224609375
8,0.28207293152809143,827.3883056640625,3.023831367492676,-507.59912109375
9,5.502824783325195,775.8250122070312,-14.116308212280273,-699.5712890625
10,3.017092227935791,300.66131591796875,-1.4325441122055054,-479.71466064453125
11,-7.677679061889648,-295.7575988769531,10.26991081237793,-95.46426391601562
12,3.7065298557281494,-682.065185546875,-6.166292190551758,167.76773071289062
13,-1.1209137439727783,-665.23681640625,0.2300238311290741,300.3052062988281
14,-0.41443848609924316,-329.3240966796875,-11.750898361206055,387.5972595214844
15,-2.3294870853424072,-45.01886749267578,0.07143037766218185,519.0511474609375
16,-9.882743835449219,175.95770263671875,9.29517936706543,429.3147277832031
17,3.429137706756592,447.0558776855469,-2.41843318939209,-23.413246154785156
18,-0.35474395751953125,675.3101196289062,5.925116539001465,-505.92645263671875
19,2.999985456466675,648.8629150390625,-11.572524070739746,-706.1509399414062
