,ch1,ch2,ch3,ch4
0,3.0293726921081543,-370.9070739746094,-11.595005989074707,390.3408203125
1,3.341672897338867,-82.35414123535156,-1.0747041702270508,518.6448974609375
2,-7.6443681716918945,156.00875854492188,11.6515474319458,428.9140930175781
3,1.3567720651626587,210.33383178710938,-0.13461698591709137,-21.20714569091797
4,-0.13289399445056915,-0.8314204216003418,8.181010246276855,-504.042724609375
5,5.217298984527588,-123.85858917236328,-6.8837890625,-703.00341796875
6,3.1421561241149902,-295.69989013671875,-0.7246274948120117,-480.79193115234375
7,-7.9624834060668945,-654.3497314453125,8.244254112243652,-92.04020690917969
8,3.025312900543213,-919.1235961914062,1.0380195379257202,169.31907653808594
9,0.8499605655670166,-810.0215454101562,10.024584770202637,301.046630859375
10,3.2964861392974854,-370.4469299316406,-8.486637115478516,391.99053955078125
11,-0.020977796986699104,15.25230884552002,2.227869749069214,519.0220947265625
12,-10.0745267868042,294.7236022949219,14.135169982910156,424.83587646484375
13,2.403655529022217,605.6762084960938,0.5348742604255676,-23.499509811401367
14,0.9044420719146729,885.7577514648438,5.374624252319336,-507.21160888671875
15,3.0898313522338867,890.9219970703125,-14.196067810058594,-714.3345336914062
16,0.16027961671352386,678.8460083007812,-5.242634296417236,-485.8746643066406
17,-8.823623657226562,530.2864990234375,7.762049198150635,-87.76995086669922
18,3.074270248413086,271.8912658691406,-4.885242938995361,163.7444305419922
19,0.0984463319182396,41.4327507019043,1.9300421476364136,296.5262756347656
