,ch1,ch2,ch3,ch4
0,6.169447422027588,40.232872009277344,-4.958800792694092,490.4853515625
1,-6.003288745880127,147.2300567626953,7.44351863861084,473.2315368652344
2,-3.779902696609497,131.64166259765625,2.5430197715759277,238.55296325683594
3,-1.3177629709243774,4.751653671264648,5.684362411499023,89.01393127441406
4,2.039451837539673,-125.47386169433594,-7.017699718475342,-8.867137908935547
5,2.595855474472046,-151.77371215820312,-8.509957313537598,-239.78439331054688
6,-5.611207485198975,-39.978763580322266,4.516226768493652,-475.02215576171875
7,-1.5603505373001099,23.383678436279297,2.479954957962036,-525.31494140625
8,-1.7268471717834473,10.105711936950684,6.215382099151611,-228.28143310546875
9,1.213667392730713,-1.247023344039917,-5.972125053405762,216.3242645263672
10,-1.9091520309448242,-53.36491012573242,10.60141372680664,491.7875061035156
11,-7.2880024909973145,-4.473784446716309,24.857444763183594,473.4279479980469
12,14.813947677612305,357.5172119140625,-12.401183128356934,-28.8437442779541
13,8.247396469116211,732.9613647460938,-9.602169036865234,-626.8065795898438
14,-7.949736595153809,709.9252319335938,-7.7214131355285645,-574.39794921875
15,-5.550914287567139,414.0575256347656,-5.842347145080566,-301.5086669921875
16,-9.11325740814209,259.79510498046875,5.719890594482422,-631.658935546875
17,5.9520392417907715,276.1959533691406,-14.278511047363281,-988.7675170898438
18,3.1893410682678223,162.65145874023438,0.7943131923675537,-589.4286499023438
19,-5.036430358886719,1.779017448425293,2.8777451515197754,121.65937805175781
