,ch1,ch2,ch3,ch4
0,2.2098381519317627,-370.2238464355469,-10.298681259155273,299.76495361328125
1,2.1295435428619385,-195.49183654785156,-1.5845303535461426,309.4870910644531
2,-8.16098403930664,60.91183853149414,10.81689739227295,111.87504577636719
3,3.8782851696014404,279.4557800292969,-4.587571144104004,-289.3088684082031
4,1.8276249170303345,390.1724853515625,2.8498694896698,-547.9775390625
5,2.3385956287384033,382.4883728027344,-10.806805610656738,-383.8413391113281
6,3.8138375282287598,212.5119171142578,-4.793025493621826,-19.12643051147461
7,-5.73114013671875,-29.443410873413086,8.680623054504395,178.2334747314453
8,1.8639600276947021,-291.66668701171875,-0.6654290556907654,142.71482849121094
9,-1.859545350074768,-437.8360290527344,8.292389869689941,173.56240844726562
10,2.284731864929199,-373.33721923828125,-5.768317699432373,310.3619079589844
11,2.875730037689209,-202.41493225097656,2.018867254257202,324.0758972167969
12,-10.23331069946289,54.31331253051758,13.471334457397461,112.747802734375
13,-0.005036488175392151,289.18280029296875,-2.2463972568511963,-291.8258056640625
14,-0.4537012577056885,404.3231201171875,3.556220293045044,-540.9163818359375
15,2.5686652660369873,387.6616516113281,-11.443559646606445,-381.44451904296875
16,3.6041247844696045,206.43284606933594,-5.760003566741943,-21.301422119140625
17,-7.292581558227539,-39.89397430419922,6.934570789337158,185.09275817871094
18,3.560622215270996,-287.5337219238281,-5.434718608856201,144.268798828125
19,2.2887184619903564,-431.2739562988281,2.3820297718048096,164.38134765625
