,ch1,ch2,ch3,ch4
0,3.0327906608581543,-774.4659423828125,2.601886034011841,70.76570892333984
1,-3.7839739322662354,-729.415771484375,9.903755187988281,116.45973205566406
2,6.702811241149902,-143.9337615966797,-12.501840591430664,89.40348052978516
3,2.023289918899536,311.5389709472656,-0.3587384521961212,246.2007293701172
4,-6.7071099281311035,357.64691162109375,0.09525127708911896,364.38409423828125
5,0.8455377221107483,173.87277221679688,-4.763852119445801,314.7399597167969
6,-5.153183460235596,101.1661376953125,6.877375602722168,-33.37883758544922
7,4.172502040863037,230.16270446777344,-10.142939567565918,-446.32977294921875
8,1.969423532485962,213.92312622070312,1.6009172201156616,-485.67755126953125
9,-2.8786065578460693,-161.46636962890625,3.236610174179077,-229.31866455078125
10,4.571674823760986,-626.8908081054688,0.7331203818321228,64.21640014648438
11,-2.749518394470215,-605.1796875,11.562875747680664,115.40484619140625
12,7.397231578826904,-60.131134033203125,-7.297911167144775,88.88899230957031
13,2.4814789295196533,386.75238037109375,2.9694998264312744,245.14144897460938
14,-7.818930625915527,422.52392578125,1.0032823085784912,368.3202819824219
15,-1.6139546632766724,201.96533203125,-1.288926601409912,318.796630859375
16,-6.917543411254883,122.75209045410156,11.232226371765137,-35.528160095214844
17,4.7861528396606445,-1346.0567626953125,-11.995067596435547,-2317.857421875
18,2.1375787258148193,-4467.58740234375,-3.431791067123413,-5880.16064453125
19,-5.205868244171143,-5575.00830078125,-0.7913748621940613,-6411.8212890625
