,ch1,ch2,ch3,ch4
0,3.322280168533325,-232.3706512451172,-1.6656560897827148,510.1231384277344
1,6.12404727935791,-268.5414733886719,-4.52570104598999,548.8726806640625
2,-3.3536272048950195,-148.09274291992188,8.293669700622559,271.4287414550781
3,-2.1917574405670166,-174.71536254882812,7.594208240509033,108.42288208007812
4,-1.3383800983428955,-343.44464111328125,9.276451110839844,334.474609375
5,4.011516094207764,-439.84930419921875,-3.8285017013549805,549.3861694335938
6,3.4426815509796143,-432.8748474121094,-2.190582513809204,574.8561401367188
7,-4.325658321380615,-333.02166748046875,5.93516731262207,567.5559692382812
8,1.0901459455490112,-250.24838256835938,-0.5523361563682556,437.2077941894531
9,-2.6451196670532227,-210.8540802001953,6.2713847160339355,330.1960144042969
10,0.10709929466247559,-213.50148010253906,-3.765592336654663,378.99468994140625
11,5.292547702789307,-158.12548828125,-5.7946696281433105,301.7823791503906
12,-3.687267780303955,-3.7495014667510986,4.6181464195251465,1.3877880573272705
13,-2.031334161758423,-4.860916614532471,3.7381227016448975,-189.8076171875
14,-1.4774634838104248,-127.37660217285156,7.72754430770874,-24.047914505004883
15,2.8394253253936768,-212.50979614257812,-8.363996505737305,199.61297607421875
16,5.2762675285339355,-212.85104370117188,-9.256813049316406,256.63055419921875
17,-2.179760456085205,-91.83621978759766,1.9994771480560303,225.42579650878906
18,-0.1423986852169037,-13.169215202331543,-2.6716277599334717,100.44059753417969
19,-3.3773417472839355,-15.573660850524902,4.512131690979004,51.61668395996094
