,ch1,ch2,ch3,ch4
0,-0.8593868017196655,391.0405578613281,-3.860992670059204,399.35809326171875
1,3.726546287536621,119.47254180908203,-2.122685670852661,379.74560546875
2,-3.068795680999756,-28.39011573791504,13.133870124816895,-124.52937316894531
3,8.76060962677002,-7.372647285461426,-7.400860786437988,-579.0858154296875
4,4.614116191864014,-72.06126403808594,1.9916764497756958,-535.6143798828125
5,-4.059976100921631,-212.56439208984375,3.133397102355957,-346.4814758300781
6,1.0125410556793213,-289.0619201660156,0.9830162525177002,-125.21949005126953
7,-5.7062859535217285,-192.24415588378906,9.33072280883789,3.7987473011016846
8,4.93488883972168,128.31004333496094,-9.962784767150879,-6.0493621826171875
9,2.319337844848633,348.6492614746094,-0.7994745969772339,66.5221939086914
10,-4.277090549468994,271.29541015625,-2.9736716747283936,217.9022979736328
11,-0.6214163303375244,36.990020751953125,0.3352688252925873,242.50680541992188
12,-7.62523078918457,-106.41230773925781,13.143959999084473,-154.70870971679688
13,7.3876166343688965,-70.35417938232422,-11.12406063079834,-584.5390014648438
14,4.792979717254639,-102.06117248535156,-0.06775827705860138,-547.6962890625
15,-6.558210849761963,-235.14755249023438,2.167508840560913,-294.45977783203125
16,-1.6252586841583252,-310.8759460449219,-2.917452573776245,-40.18292999267578
17,-5.045205116271973,-192.57139587402344,5.758012771606445,61.42974853515625
18,6.680050373077393,138.85562133789062,-9.592467308044434,75.48095703125
19,1.9738996028900146,346.7801208496094,2.276074171066284,189.29049682617188
