,ch1,ch2,ch3,ch4
0,-0.16802211105823517,333.7786865234375,1.0295867919921875,-535.2391357421875
1,1.1308549642562866,847.3363037109375,-10.05386734008789,-365.3627014160156
2,2.682819366455078,758.2673950195312,-1.1492912769317627,-35.166839599609375
3,-5.323218822479248,284.02374267578125,8.920989990234375,180.2949981689453
4,5.0647196769714355,-93.04059600830078,-7.1239423751831055,153.4132537841797
5,1.102292776107788,-233.10638427734375,4.607212543487549,155.68040466308594
6,2.8570969104766846,-332.8046875,-4.195559978485107,305.754150390625
7,6.451497554779053,-492.2249755859375,-0.5405572056770325,337.67877197265625
8,-6.600301742553711,-547.624755859375,11.728965759277344,107.45542907714844
9,2.884809970855713,-321.8819580078125,-4.788726329803467,-307.1410827636719
10,3.5398738384246826,285.5998229980469,0.8550114631652832,-528.0799560546875
11,1.5338702201843262,844.7066650390625,-6.804452896118164,-369.6708068847656
12,1.6891469955444336,748.3563842773438,-0.11228789389133453,-39.14921569824219
13,-5.887701988220215,243.0618438720703,9.427915573120117,187.52792358398438
14,5.428677558898926,-101.53628540039062,-6.871099472045898,151.69964599609375
15,1.5156551599502563,-230.23431396484375,4.868677139282227,147.2911376953125
16,-0.6885207295417786,-366.2708740234375,-2.7836015224456787,308.7968444824219
17,0.9993643760681152,-519.0243530273438,-1.419386386871338,343.033447265625
18,-8.81446647644043,-547.2109985351562,10.104460716247559,106.3621826171875
19,0.9892751574516296,-330.0342102050781,-3.518946647644043,-305.6402893066406
