,ch1,ch2,ch3,ch4
0,-0.3681066632270813,-628.7398681640625,-5.831233501434326,307.4822082519531
1,1.9578304290771484,-842.5216674804688,-1.2868965864181519,337.4895935058594
2,-8.009989738464355,-1043.6270751953125,12.891310691833496,152.4113311767578
3,5.7687249183654785,-607.0659790039062,-1.7249404191970825,-301.94415283203125
4,6.865176677703857,92.5466537475586,2.300593614578247,-554.1327514648438
5,2.6107845306396484,491.2432556152344,-7.672505855560303,-354.09515380859375
6,1.1933958530426025,495.4743957519531,-0.4336695969104767,-31.778841018676758
7,-5.1074113845825195,170.8223419189453,6.970016002655029,148.9521484375
8,5.492461204528809,-295.60015869140625,-8.337600708007812,145.6509246826172
9,0.5875339508056641,-446.1280212402344,7.2697954177856445,168.03656005859375
10,1.1083946228027344,-382.96502685546875,-2.7904274463653564,283.74078369140625
11,2.235976219177246,-568.866455078125,-1.4515172243118286,319.30609130859375
12,-10.204177856445312,-698.8089599609375,12.696207046508789,119.6788330078125
13,1.538496732711792,-334.4076843261719,-4.1781086921691895,-318.98040771484375
14,1.124550700187683,332.3758239746094,-1.7736910581588745,-557.1914672851562
15,-1.9071401357650757,791.0789184570312,-10.458537101745605,-368.8990478515625
16,-1.1930556297302246,735.0665283203125,-2.815113067626953,-39.68461227416992
17,-7.164973258972168,317.4781494140625,7.217449188232422,160.58145141601562
18,3.6904685497283936,-107.16461181640625,-4.851632118225098,147.07859802246094
19,-1.3412939310073853,-266.0460205078125,8.910213470458984,161.40213012695312
