,ch1,ch2,ch3,ch4
0,3.3613343238830566,-362.7414245605469,-0.0511084645986557,-596.9258422851562
1,-3.085449457168579,336.3034973144531,0.006747819483280182,272.8034973144531
2,1.9645639657974243,835.1072387695312,-1.617262363433838,1050.7236328125
3,-6.861257553100586,982.9588012695312,9.099913597106934,956.799072265625
4,3.2360873222351074,1293.013671875,-8.817817687988281,741.63671875
5,1.938407063484192,1654.3721923828125,1.763529896736145,1169.059814453125
6,-4.8666558265686035,1365.698974609375,1.049187183380127,1540.7041015625
7,1.314979076385498,804.4696044921875,-2.2158968448638916,1698.163330078125
8,-4.5702290534973145,957.1355590820312,9.140353202819824,1918.78662109375
9,5.512177467346191,1537.1231689453125,-10.463923454284668,1963.16796875
10,2.2312521934509277,1762.7684326171875,-0.8918017745018005,1832.0546875
11,-5.304727077484131,1737.2694091796875,1.8890212774276733,1880.3309326171875
12,0.00705477362498641,1543.850341796875,1.40644371509552,1893.213134765625
13,-6.969282150268555,1235.666259765625,9.83213996887207,1269.3133544921875
14,5.576363563537598,1195.9735107421875,-13.13914966583252,618.8509521484375
15,4.983088493347168,1176.3778076171875,-0.9576461315155029,617.84130859375
16,-3.1341676712036133,632.325927734375,3.0003345012664795,710.3992919921875
17,1.6371955871582031,-52.97725296020508,-1.4765974283218384,709.8904418945312
18,-5.2260565757751465,-60.98080062866211,8.25636100769043,746.697265625
19,5.4257493019104,406.05364990234375,-9.068164825439453,674.0577392578125
