,ch1,ch2,ch3,ch4
0,1.4056892395019531,263.10198974609375,0.23716284334659576,-423.86773681640625
1,-5.969265460968018,-188.90199279785156,0.8167130351066589,-229.66184997558594
2,-0.14872202277183533,-747.9883422851562,0.4642651379108429,-73.18741607666016
3,-5.45611047744751,-697.4755859375,12.120197296142578,38.10849380493164
4,6.831458568572998,-150.29603576660156,-11.081801414489746,36.45861053466797
5,4.513697624206543,230.47862243652344,-2.311516523361206,68.44078063964844
6,-5.283382415771484,279.13427734375,0.6916998624801636,208.21530151367188
7,-1.2053899765014648,110.31617736816406,-3.254995346069336,243.2010955810547
8,-7.007775783538818,-15.733917236328125,6.918649673461914,-177.4805145263672
9,5.9224066734313965,107.54412841796875,-8.923169136047363,-617.5652465820312
10,4.213607311248779,128.19454956054688,3.07192063331604,-558.9423217773438
11,-4.942598342895508,-273.4891357421875,4.257487773895264,-314.165283203125
12,0.9629912972450256,-753.2355346679688,1.8933323621749878,-82.20298767089844
13,-3.5863285064697266,-691.01220703125,9.85155963897705,36.72272872924805
14,8.139801025390625,-134.675048828125,-13.107598304748535,43.77627944946289
15,2.8867881298065186,291.939208984375,-0.7921066880226135,140.11965942382812
16,-8.610459327697754,348.0982971191406,2.1142795085906982,296.64202880859375
17,-0.6702149510383606,159.35890197753906,-2.127479076385498,311.5226135253906
18,-2.046720504760742,66.00426483154297,8.58014965057373,-79.80583953857422
19,10.10757064819336,230.04635620117188,-11.452045440673828,-511.01287841796875
