,ch1,ch2,ch3,ch4
0,-3.4816975593566895,128.9408416748047,1.3243769407272339,-361.58868408203125
1,0.8754732012748718,11.227726936340332,2.552586555480957,-203.4208526611328
2,7.077317237854004,-99.61196899414062,-9.461821556091309,56.635650634765625
3,6.361989974975586,-135.79017639160156,-7.200742244720459,164.55593872070312
4,-4.229668617248535,-19.2524356842041,3.8259828090667725,129.465576171875
5,-2.4901340007781982,55.43962860107422,1.2038248777389526,11.941555976867676
6,-4.921367645263672,27.467281341552734,8.756505966186523,10.626870155334473
7,-0.0708092674612999,7.983736515045166,-3.19980525970459,83.13858032226562
8,3.510394811630249,66.85552215576172,-4.859573841094971,-0.93180912733078
9,-6.588552474975586,164.5201416015625,7.555789470672607,-210.9876251220703
10,-2.563887596130371,128.20669555664062,3.815345525741577,-348.1741943359375
11,1.5266096591949463,14.457511901855469,5.20693826675415,-203.8342742919922
12,6.998968601226807,-105.12401580810547,-8.207683563232422,69.84795379638672
13,6.639873027801514,-156.87367248535156,-8.568147659301758,196.61216735839844
14,-4.096271991729736,-34.19827651977539,2.1580557823181152,149.18881225585938
15,-0.8700405955314636,45.71826934814453,-0.1865781545639038,30.851438522338867
16,-1.8361958265304565,6.660731792449951,6.528562545776367,47.3527946472168
17,0.7290069460868835,-9.0574951171875,-5.855400085449219,108.76659393310547
18,2.0746493339538574,57.3723258972168,-7.678730010986328,10.339109420776367
19,-7.368710517883301,149.5358428955078,4.103304386138916,-182.38584899902344
