,ch1,ch2,ch3,ch4
0,-5.081263065338135,260.0624694824219,7.213801860809326,-513.845947265625
1,4.989816665649414,391.92498779296875,-12.575736045837402,-729.5241088867188
2,5.1674909591674805,312.9239501953125,-0.5207161903381348,-485.91766357421875
3,-3.788072347640991,182.4600067138672,6.145242691040039,-100.29545593261719
4,2.750570297241211,18.127721786499023,0.6827425956726074,161.3748016357422
5,-1.4600454568862915,-243.24220275878906,11.19790267944336,297.34295654296875
6,7.320314407348633,-384.8006286621094,-7.8125224113464355,394.1697082519531
7,3.835526704788208,-393.01397705078125,0.6756032705307007,518.8184814453125
8,-6.722008228302002,-183.30337524414062,5.386902809143066,403.6197814941406
9,0.5650190114974976,78.859619140625,-2.2388386726379395,-16.394025802612305
10,-4.536142349243164,242.76527404785156,5.32292366027832,-486.7986145019531
11,4.375474452972412,384.7445983886719,-13.0890474319458,-719.4913330078125
12,3.791043519973755,310.08575439453125,-2.161341428756714,-487.8034362792969
13,-4.980168342590332,163.8748321533203,4.300533294677734,-78.58377838134766
14,3.062497615814209,7.654029369354248,0.2831496596336365,176.29905700683594
15,-1.7938753366470337,-238.3788299560547,10.39649772644043,289.1040954589844
16,5.234975337982178,-381.8204345703125,-10.206690788269043,396.7477111816406
17,1.7727738618850708,-393.6122741699219,-1.9150079488754272,529.9906005859375
18,-9.300414085388184,-181.7084503173828,2.246997117996216,397.577880859375
19,-0.9988393187522888,72.2790756225586,-3.6025240421295166,-20.103296279907227
