,ch1,ch2,ch3,ch4
0,-1.0598857402801514,-595.4698486328125,2.6131861209869385,157.22268676757812
1,1.039061427116394,-665.8738403320312,1.5504422187805176,152.81578063964844
2,0.44914597272872925,-395.2138671875,-7.724975109100342,304.6112060546875
3,1.8268285989761353,-220.5638885498047,3.2893905639648438,341.5509338378906
4,-4.692799091339111,-193.7733917236328,8.243073463439941,108.63777160644531
5,4.015971660614014,-52.27341079711914,-8.232580184936523,-304.3324890136719
6,-1.8234471082687378,325.13995361328125,4.278809547424316,-527.0249633789062
7,1.5549689531326294,693.5933227539062,-11.345251083374023,-374.456298828125
8,2.7851080894470215,651.6567993164062,-7.18256950378418,-39.70356369018555
9,-11.487595558166504,136.26632690429688,11.432585716247559,184.35577392578125
10,2.617605686187744,-408.6874694824219,-0.8257001042366028,155.3220672607422
11,3.9113681316375732,-522.87841796875,3.2818856239318848,154.81434631347656
12,0.898476779460907,-295.67486572265625,-8.074739456176758,300.90228271484375
13,-0.12797020375728607,-136.9125518798828,2.6839823722839355,341.7789001464844
14,-8.740574836730957,-122.05705261230469,12.016282081604004,112.23177337646484
15,2.792630672454834,-0.8824129700660706,-7.704934597015381,-312.8216552734375
16,-0.3012577295303345,358.35443115234375,1.728493332862854,-535.68798828125
17,1.5601836442947388,716.1011352539062,-9.397196769714355,-371.18841552734375
18,5.028512954711914,644.1691284179688,-1.8409388065338135,-30.88589859008789
19,-3.1203677654266357,118.91410064697266,11.729046821594238,187.72157287597656
