,ch1,ch2,ch3,ch4
0,-0.8383792638778687,-77.2271728515625,3.588454246520996,137.6676483154297
1,-0.7122593522071838,-46.66853332519531,-9.70002555847168,277.3681335449219
2,-0.9981921315193176,-238.4276885986328,5.750341415405273,373.0702819824219
3,-7.247035026550293,-270.63031005859375,13.225924491882324,114.51861572265625
4,5.990621566772461,-102.98089599609375,-7.759150505065918,-335.9139404296875
5,1.2771220207214355,83.48389434814453,3.510737419128418,-511.9014892578125
6,1.5483468770980835,350.12060546875,-8.065600395202637,-355.4925537109375
7,1.569725513458252,392.0565185546875,-2.885422468185425,-65.34819793701172
8,-8.385629653930664,-174.16586303710938,10.239653587341309,183.3454132080078
9,4.442338943481445,-823.1898803710938,-2.751803159713745,182.2204132080078
10,0.14238765835762024,-847.161376953125,5.535603046417236,137.27587890625
11,-0.6825746297836304,-572.2511596679688,-7.7415313720703125,277.47271728515625
12,0.49577832221984863,-505.8157958984375,0.23855651915073395,365.3006286621094
13,-7.465473651885986,-434.91943359375,10.438895225524902,116.7706298828125
14,6.991125583648682,-214.716796875,-7.21101188659668,-332.4909362792969
15,3.7198376655578613,78.0011215209961,4.207961082458496,-516.269287109375
16,3.356616735458374,449.4724426269531,-9.343635559082031,-357.55126953125
17,4.1893086433410645,527.7498168945312,-6.521124839782715,-65.03873443603516
18,-9.409562110900879,212.28985595703125,10.123624801635742,180.689208984375
19,1.970009446144104,49.83898162841797,-2.5869264602661133,182.9348907470703
