,ch1,ch2,ch3,ch4
0,-6.265307426452637,-56.09499740600586,9.447047233581543,-61.205657958984375
1,4.955184459686279,-269.7753601074219,-2.5745012760162354,143.6072998046875
2,1.5709314346313477,-413.3381042480469,6.377954959869385,286.1562805175781
3,2.610187530517578,-386.95684814453125,-6.037510871887207,430.62799072265625
4,0.8638925552368164,-196.27383422851562,2.326693296432495,516.58544921875
5,-10.147497177124023,84.34741973876953,9.832279205322266,399.8017883300781
6,1.510316014289856,254.30416870117188,-5.716472625732422,0.2759411931037903
7,0.2970708906650543,365.6663818359375,2.6778528690338135,-490.1488342285156
8,3.074500322341919,409.3388671875,-11.612051963806152,-735.825927734375
9,2.5796663761138916,211.30540466308594,-3.7195236682891846,-481.39410400390625
10,-7.825322151184082,-48.57539367675781,8.55955982208252,-63.77986526489258
11,2.2485647201538086,-278.66729736328125,-1.0667537450790405,149.94847106933594
12,0.3498646318912506,-424.1910095214844,6.2817206382751465,286.9184265136719
13,3.635535717010498,-381.9903869628906,-11.418025016784668,420.24176025390625
14,1.139064908027649,-192.3984832763672,-1.068361520767212,513.9580688476562
15,-9.814467430114746,80.59378814697266,11.728233337402344,402.2673645019531
16,3.3496577739715576,262.4931335449219,-3.96956205368042,-6.464567184448242
17,2.082430839538574,378.26995849609375,2.5405735969543457,-494.9127502441406
18,4.027162075042725,406.8531188964844,-12.48898983001709,-730.423828125
19,3.71465802192688,209.0453338623047,-5.998149394989014,-480.9538879394531
