,ch1,ch2,ch3,ch4
0,0.08824078738689423,-353.7867736816406,0.5273644328117371,316.00439453125
1,-7.264186859130859,-348.2909851074219,7.3787384033203125,403.86572265625
2,2.669520378112793,-303.8907775878906,-6.686147212982178,263.8079833984375
3,-1.4831875562667847,-568.5288696289062,7.132839679718018,385.1946716308594
4,3.0045125484466553,-458.41082763671875,-6.922416687011719,491.80242919921875
5,4.560640335083008,-2.5300395488739014,-3.3903732299804688,376.0903625488281
6,-8.452742576599121,210.87319946289062,10.37677001953125,204.6509246826172
7,0.09582822024822235,322.2387390136719,-1.8223843574523926,-157.79722595214844
8,0.19024550914764404,613.4248046875,2.306368589401245,-509.4903564453125
9,4.897131443023682,655.32861328125,-9.777630805969238,-374.58502197265625
10,4.983572959899902,342.11090087890625,-2.115277051925659,38.55326461791992
11,-7.710097312927246,162.73426818847656,5.691312789916992,195.47183227539062
12,-0.6305714249610901,-6.050328731536865,-3.342705249786377,115.51507568359375
13,-2.7389326095581055,-264.3055419921875,10.3102445602417,179.9999237060547
14,1.8593605756759644,-244.70924377441406,-3.498741865158081,316.1507263183594
15,2.193392276763916,14.509976387023926,1.4654457569122314,289.0948181152344
16,-8.606125831604004,229.1544647216797,10.282807350158691,86.59229278564453
17,3.492995023727417,361.6639099121094,-5.257565498352051,-296.2017517089844
18,1.8405656814575195,515.9798583984375,1.101283311843872,-567.003173828125
19,1.9511966705322266,525.6258544921875,-12.555855751037598,-420.8926696777344
