,ch1,ch2,ch3,ch4
0,-4.010768413543701,-840.6486206054688,14.751882553100586,469.1812744140625
1,24.56407928466797,-595.9845581054688,-17.10466194152832,737.7295532226562
2,-18.411359786987305,-140.5501708984375,12.462738037109375,564.0827026367188
3,-10.316950798034668,252.3564453125,-5.733227729797363,106.61705780029297
4,20.406652450561523,437.471923828125,-31.217838287353516,-25.183210372924805
5,-3.7928285598754883,591.8309326171875,-24.378999710083008,110.2373046875
6,-16.691701889038086,696.77490234375,-6.262399196624756,184.96453857421875
7,8.213496208190918,512.8338012695312,-21.003952026367188,36.20090103149414
8,15.270898818969727,10.155940055847168,-39.56844711303711,-243.99424743652344
9,-14.868178367614746,-627.4175415039062,-8.178534507751465,-244.78794860839844
10,-2.8232369422912598,-875.2453002929688,-23.049226760864258,66.84358215332031
11,15.946314811706543,-607.7228393554688,-36.15515899658203,351.16070556640625
12,-11.80358600616455,-174.5901641845703,-7.6259050369262695,239.21597290039062
13,-0.7076987028121948,211.41261291503906,-19.015029907226562,-151.11566162109375
14,15.214667320251465,420.8428955078125,-25.018678665161133,-263.6318664550781
15,-3.937025785446167,572.2085571289062,-18.15121078491211,-89.54451751708984
16,-10.799049377441406,654.0037841796875,-4.4603047370910645,53.79444885253906
17,-0.19395239651203156,485.99993896484375,-7.8222761154174805,-69.529296875
18,9.812311172485352,11.934529304504395,-25.255813598632812,-342.7236022949219
19,-4.638916492462158,-643.3828125,-0.927504301071167,-295.9755859375
