,ch1,ch2,ch3,ch4
0,-0.10192131251096725,-157.1627960205078,5.508633136749268,-766.54345703125
1,1.4113121032714844,-41.236061096191406,2.5304436683654785,-553.6268920898438
2,-1.9924627542495728,-48.686805725097656,8.930150985717773,-289.3108215332031
3,2.8834590911865234,-102.15887451171875,-4.317338943481445,70.91093444824219
4,5.154753684997559,-23.96727752685547,-7.446395397186279,509.6496887207031
5,-6.664700031280518,112.0321044921875,6.034504413604736,545.6647338867188
6,-3.7506394386291504,66.99311828613281,1.9094669818878174,211.5078125
7,-1.9463474750518799,-53.90888595581055,2.772969961166382,143.9211883544922
8,2.3833281993865967,-144.56410217285156,-7.690017223358154,147.9454803466797
9,4.513881206512451,-186.6017303466797,-5.665481090545654,-178.187255859375
10,-5.3109283447265625,-87.81980895996094,5.769489765167236,-428.8896484375
11,-2.8025920391082764,15.248051643371582,0.8758957982063293,-372.7484130859375
12,-2.0203909873962402,9.332229614257812,5.602791786193848,-124.03797912597656
13,1.6363284587860107,-28.239755630493164,-6.159579753875732,248.50230407714844
14,4.412271976470947,33.734928131103516,-8.146592140197754,573.422119140625
15,-3.599973440170288,152.78805541992188,5.847161769866943,562.9894409179688
16,-0.8955274224281311,118.2959976196289,3.79278826713562,273.3645935058594
17,-0.7647925019264221,-9.01213550567627,5.357706546783447,144.7546844482422
18,3.5674593448638916,-118.37206268310547,-8.113673210144043,75.23990631103516
19,6.352190971374512,-147.97535705566406,-8.840925216674805,-205.1944580078125
