,ch1,ch2,ch3,ch4
0,7.481564998626709,-418.4367980957031,-1.8567193746566772,-316.26898193359375
1,4.139918804168701,-175.61016845703125,7.177527904510498,-543.6142578125
2,-0.21639719605445862,-11.585944175720215,-1.6552162170410156,-368.1300354003906
3,1.3828542232513428,72.28264617919922,-3.055459976196289,-38.941932678222656
4,-7.547776699066162,168.04232788085938,13.072468757629395,175.79214477539062
5,2.633725166320801,147.60740661621094,3.841829299926758,155.96978759765625
6,-0.8449221253395081,-41.49749755859375,7.335175037384033,162.21432495117188
7,0.2681376039981842,-370.724853515625,-7.25413179397583,302.68695068359375
8,3.5827226638793945,-578.008544921875,-0.4969424605369568,335.3165588378906
9,-8.100191116333008,-490.735595703125,9.508252143859863,116.36251831054688
10,3.682194709777832,-283.6215515136719,-10.651862144470215,-309.41705322265625
11,3.585005283355713,-39.09814453125,0.6178906559944153,-537.3941650390625
12,2.8146281242370605,131.6039581298828,-8.7368803024292,-364.02008056640625
13,3.0772721767425537,225.07302856445312,-7.155982494354248,-34.959293365478516
14,-8.218815803527832,315.12042236328125,7.685259819030762,178.97569274902344
15,4.178843021392822,296.2496337890625,-4.700311660766602,153.4843292236328
16,1.6725894212722778,115.07389068603516,4.217944622039795,159.83956909179688
17,-1.9631140232086182,-219.20030212402344,-6.532917499542236,303.3389892578125
18,-0.10317358374595642,-454.8160705566406,-2.3525068759918213,335.8434143066406
19,-8.898537635803223,-390.1208801269531,10.086542129516602,115.46732330322266
