,ch1,ch2,ch3,ch4
0,-0.09175372868776321,-4.0390520095825195,-1.4193828105926514,-294.8705749511719
1,5.426081657409668,-656.0751953125,3.200155258178711,-230.72789001464844
2,-4.37933874130249,-898.8662109375,-1.0218071937561035,111.38359832763672
3,-5.093772888183594,-605.55419921875,5.017782688140869,362.1968688964844
4,-2.029402494430542,-179.99072265625,10.466403007507324,276.92242431640625
5,8.910561561584473,206.8720703125,-11.733426094055176,-76.10340881347656
6,-1.1037187576293945,433.7010803222656,1.060400128364563,-215.100341796875
7,-3.907752752304077,575.3309326171875,-1.1052826642990112,-43.46696853637695
8,4.409782409667969,651.4963989257812,-4.84405517578125,131.07891845703125
9,-8.095756530761719,491.2610168457031,9.048731803894043,-4.743934631347656
10,0.21861030161380768,9.975014686584473,-4.460411071777344,-302.6294860839844
11,5.038937091827393,-655.1168212890625,-3.1329994201660156,-238.326904296875
12,-5.1750946044921875,-906.2015991210938,-3.931647539138794,111.16963195800781
13,-5.080478668212891,-607.3287963867188,3.134507656097412,361.1517333984375
14,-2.1332485675811768,-181.9688720703125,6.994123458862305,272.5169677734375
15,5.500422477722168,192.6166534423828,-10.597634315490723,-72.49785614013672
16,-4.825965404510498,418.5238037109375,4.229402542114258,-208.65756225585938
17,-2.643868923187256,573.5872192382812,-3.771361827850342,-44.7861213684082
18,8.753154754638672,660.4121704101562,-9.32734489440918,125.80239868164062
19,-6.002127647399902,485.64202880859375,11.205710411071777,-4.790360927581787
