,ch1,ch2,ch3,ch4
0,-6.683138370513916,374.2185974121094,6.787719249725342,176.7769317626953
1,3.494734525680542,324.71295166015625,-5.427134990692139,158.83184814453125
2,0.833892822265625,136.96533203125,5.747034549713135,164.8217315673828
3,-0.05956428498029709,-203.0242156982422,-3.863682508468628,305.0414733886719
4,2.144172191619873,-455.938232421875,0.6179815530776978,338.59765625
5,-7.060067653656006,-391.1524353027344,13.728240966796875,117.2014389038086
6,5.03499174118042,-175.6791229248047,-4.777822971343994,-314.4678955078125
7,2.456355333328247,45.769676208496094,-0.21265216171741486,-538.6395874023438
8,0.35364019870758057,186.12237548828125,-11.383577346801758,-360.0248718261719
9,3.0401337146759033,288.3349609375,-4.086987018585205,-36.48421096801758
10,-5.8805437088012695,368.0086975097656,11.748493194580078,178.50257873535156
11,4.006444931030273,308.60491943359375,-4.661195278167725,160.12449645996094
12,-0.33768486976623535,120.16319274902344,5.198861598968506,161.8932647705078
13,-1.2051438093185425,-211.8908233642578,-2.227123260498047,300.4542541503906
14,3.2605748176574707,-466.781982421875,0.6268436312675476,335.15283203125
15,-4.777559757232666,-404.6317138671875,11.39498233795166,114.73310089111328
16,6.039912700653076,-183.22901916503906,-6.842968463897705,-315.24090576171875
17,0.9759229421615601,39.335330963134766,-0.9660446047782898,-538.6758422851562
18,-1.4405181407928467,176.41651916503906,-10.880099296569824,-362.2154235839844
19,1.371401309967041,275.37554931640625,-4.067271709442139,-41.39577865600586
