,ch1,ch2,ch3,ch4
0,3.2566030025482178,3026.72021484375,-767.34814453125,-155.98402404785156
1,3.361196756362915,3340.30224609375,-536.7890625,189.69236755371094
2,-6.3086652755737305,3176.305419921875,-247.97662353515625,381.71588134765625
3,5.70343017578125,3322.55615234375,-156.78179931640625,378.4922180175781
4,-3.296447515487671,3236.60205078125,-132.646484375,397.17437744140625
5,0.41076183319091797,2706.729736328125,-29.810733795166016,492.519775390625
6,6.664997577667236,2718.0419921875,91.86195373535156,519.42529296875
7,-10.163193702697754,2935.65869140625,103.1342544555664,320.1515197753906
8,-0.41672492027282715,2451.20263671875,118.11924743652344,-136.72825622558594
9,2.004810333251953,2057.091064453125,209.62928771972656,-406.94940185546875
10,1.9491406679153442,2137.56103515625,189.40415954589844,-235.28204345703125
11,-0.2187606245279312,1878.481689453125,173.50682067871094,87.06979370117188
12,-5.599172115325928,1408.2734375,232.4593963623047,255.30606079101562
13,6.637167930603027,1230.3465576171875,218.8468475341797,228.49368286132812
14,-4.076396942138672,900.192626953125,180.38804626464844,242.71807861328125
15,0.8132544755935669,367.9797668457031,174.72576904296875,337.29541015625
16,6.489889144897461,387.3867492675781,192.5234832763672,356.0938415527344
17,-11.821319580078125,583.5845947265625,156.58091735839844,158.22288513183594
18,0.9701908230781555,256.2982482910156,119.3063735961914,-285.49658203125
19,5.136913776397705,52.59468460083008,143.7808380126953,-544.9418334960938
