,ch1,ch2,ch3,ch4
0,-6.247698783874512,401.9195556640625,4.048099994659424,402.2685241699219
1,1.7740087509155273,170.30699157714844,-1.078104853630066,-15.553265571594238
2,-3.561563491821289,106.9456558227539,6.3681321144104,-486.6387634277344
3,7.191512107849121,267.2314147949219,-12.79224681854248,-713.465576171875
4,4.70294189453125,211.99688720703125,-1.2638908624649048,-481.464111328125
5,-4.819963455200195,-197.5663604736328,2.839651346206665,-92.77022552490234
6,1.4614595174789429,-626.5899658203125,-0.4209875166416168,173.2396697998047
7,-3.8885498046875,-622.2644653320312,9.491083145141602,303.9940185546875
8,5.154658794403076,-100.75390625,-11.956754684448242,398.5481262207031
9,0.7006269693374634,378.1302490234375,-2.815035581588745,520.8993530273438
10,-7.7001566886901855,637.4598999023438,2.340921640396118,398.33154296875
11,1.5178653001785278,847.03271484375,-1.0776320695877075,-17.239702224731445
12,-2.65421986579895,882.76513671875,7.749460220336914,-487.6529846191406
13,6.238720417022705,782.9429931640625,-10.912158966064453,-713.7698974609375
14,3.1241204738616943,484.5465087890625,2.591724157333374,-477.88543701171875
15,-3.6596639156341553,-41.890052795410156,6.3292365074157715,-88.75748443603516
16,3.846761465072632,-517.8108520507812,-0.627518892288208,170.9336700439453
17,-3.4479241371154785,-603.9324951171875,8.060508728027344,299.7148132324219
18,7.656260967254639,-184.08648681640625,-12.114017486572266,393.9515380859375
19,6.169255256652832,255.12637329101562,0.12392933666706085,517.740234375
