,ch1,ch2,ch3,ch4
0,2.773306369781494,-111.39596557617188,-2.786118268966675,154.48585510253906
1,-1.266747236251831,-229.11024475097656,4.287656784057617,150.3784942626953
2,-2.104483127593994,-373.02142333984375,-7.994464874267578,308.9532470703125
3,2.2275755405426025,-519.1930541992188,-3.833284616470337,340.3818664550781
4,-5.580602169036865,-535.908447265625,10.645011901855469,103.46516418457031
5,3.0228803157806396,-329.5203857421875,-4.33676290512085,-306.708740234375
6,0.41306939721107483,263.88031005859375,2.2190659046173096,-523.6157836914062
7,1.3271543979644775,845.9708862304688,-6.54149055480957,-369.45361328125
8,3.796034574508667,749.8438720703125,-1.9663357734680176,-40.88267517089844
9,-6.79384708404541,226.40264892578125,8.834992408752441,190.12794494628906
10,3.7844982147216797,-108.09332275390625,-6.060637950897217,153.00265502929688
11,1.9265941381454468,-228.04713439941406,3.3411309719085693,144.9125213623047
12,-0.16236865520477295,-372.591064453125,-4.675693035125732,309.0157165527344
13,1.801964521408081,-525.8639526367188,2.4880142211914062,347.33953857421875
14,-8.236900329589844,-546.27392578125,13.300738334655762,107.20092010498047
15,2.4648983478546143,-319.3187255859375,-8.077980995178223,-315.5351257324219
16,2.417081117630005,277.7126159667969,-0.6669574975967407,-531.4677734375
17,1.4805222749710083,847.150146484375,-7.623541831970215,-369.9316101074219
18,4.338982105255127,759.3773803710938,-5.1580281257629395,-44.342037200927734
19,-4.845576286315918,236.09555053710938,6.473038673400879,187.3721466064453
