,ch1,ch2,ch3,ch4
0,4.53160285949707,-182.6902313232422,-7.067224502563477,-313.76568603515625
1,1.8328109979629517,45.715431213378906,0.7755318880081177,-538.3152465820312
2,0.3727113604545593,170.70352172851562,-9.301451683044434,-357.8852844238281
3,4.476639747619629,267.80926513671875,-5.225874423980713,-37.083091735839844
4,-5.460684299468994,360.8837890625,9.512795448303223,177.16343688964844
5,4.933801651000977,318.688232421875,-7.199075698852539,155.46649169921875
6,2.062108278274536,118.65779113769531,3.957275390625,159.3529052734375
7,-1.4779752492904663,-220.8600311279297,-2.8159098625183105,303.91748046875
8,-0.028550518676638603,-462.9226989746094,-1.1733360290527344,337.57818603515625
9,-8.195337295532227,-408.148681640625,10.27079963684082,117.67674255371094
10,5.458110809326172,-186.87864685058594,-6.960264682769775,-315.3904724121094
11,1.67094886302948,42.59589767456055,2.1896727085113525,-540.757080078125
12,-2.127654552459717,168.7493896484375,-5.600754261016846,-358.712646484375
13,1.500328779220581,261.4588623046875,0.22042082250118256,-34.258636474609375
14,-7.688387870788574,357.24871826171875,12.214856147766113,178.64633178710938
15,5.099573135375977,329.3851623535156,-10.061063766479492,151.60604858398438
16,3.5459704399108887,130.39439392089844,1.1616464853286743,154.43307495117188
17,-0.3133687376976013,-219.5345458984375,-1.1691374778747559,302.3927307128906
18,2.0889439582824707,-459.99517822265625,0.17691215872764587,339.6016540527344
19,-7.43641996383667,-405.34423828125,9.535869598388672,121.93148803710938
