,ch1,ch2,ch3,ch4
0,5.526327610015869,387.98992919921875,-11.370959281921387,-715.1680908203125
1,2.6822350025177,354.84619140625,-2.0959131717681885,-495.1283264160156
2,-7.094954013824463,180.92381286621094,5.923618316650391,-81.92623138427734
3,2.181462049484253,64.0193862915039,-0.3430950343608856,174.75112915039062
4,-2.1191368103027344,90.7889175415039,8.488727569580078,287.16552734375
5,5.756436347961426,357.6276550292969,-9.687799453735352,396.5511474609375
6,3.617722511291504,441.8905944824219,0.8421006202697754,532.1133422851562
7,-8.717527389526367,430.2961730957031,6.786210536956787,405.0557861328125
8,-0.7193337082862854,446.86138916015625,-2.7285377979278564,-21.205636978149414
9,-1.5116589069366455,233.66964721679688,5.205253601074219,-482.0913391113281
10,6.663332939147949,-94.1066665649414,-12.81455135345459,-715.334228515625
11,2.9054431915283203,-352.7113952636719,-3.1653552055358887,-493.0334777832031
12,-7.215922832489014,-386.8128356933594,4.121044158935547,-83.25749206542969
13,0.789279043674469,-337.39617919921875,-0.6180558800697327,174.38192749023438
14,-2.9033970832824707,-244.93870544433594,9.80950927734375,291.2642822265625
15,6.32915735244751,23.2799072265625,-8.513019561767578,397.43109130859375
16,3.990668535232544,174.0424346923828,0.9705352187156677,527.1424560546875
17,-7.605616569519043,255.74937438964844,6.926687240600586,405.0534973144531
18,0.6922422647476196,288.76873779296875,-0.9295373558998108,-17.7687931060791
19,-2.636090040206909,97.88690948486328,7.094731330871582,-484.8914489746094
