,ch1,ch2,ch3,ch4
0,-0.9491129517555237,-471.9100036621094,6.032352447509766,509.7118835449219
1,3.066757917404175,-420.2220153808594,-9.297789573669434,602.977783203125
2,2.757063388824463,-302.56719970703125,-0.5028350353240967,856.9596557617188
3,-7.907083988189697,20.911222457885742,9.265434265136719,628.9190063476562
4,3.135112762451172,262.1563415527344,-5.771873950958252,76.20033264160156
5,1.5403826236724854,317.6399230957031,0.2969285249710083,-291.5546569824219
6,4.777486324310303,337.7375183105469,-12.832477569580078,-530.5299072265625
7,3.876631736755371,206.77810668945312,0.4564353823661804,-445.9192199707031
8,-7.505087852478027,-68.28327941894531,14.03056526184082,9.176010131835938
9,-0.09431580454111099,-332.86041259765625,-0.20846493542194366,300.8773498535156
10,-3.0888078212738037,-419.8493347167969,6.280045509338379,313.56976318359375
11,2.9912028312683105,-372.6971130371094,-6.932402610778809,408.3404846191406
12,3.91516375541687,-228.1424560546875,-0.16961894929409027,593.8899536132812
13,-7.791193962097168,81.68331909179688,8.120990753173828,430.45111083984375
14,0.11311980336904526,285.2834777832031,-2.4494550228118896,-56.58700942993164
15,-1.9697998762130737,346.4329528808594,3.844942331314087,-478.80609130859375
16,3.4562714099884033,378.62152099609375,-14.446503639221191,-700.2866821289062
17,2.445437431335449,233.5990447998047,-4.44310998916626,-532.205322265625
18,-9.293234825134277,-35.34699630737305,8.539533615112305,-101.94525909423828
19,3.865678310394287,-290.0530700683594,-2.732283353805542,168.72860717773438
