,ch1,ch2,ch3,ch4
0,0.920146644115448,1580.7674560546875,0.6060938239097595,-305.62274169921875
1,-4.4282708168029785,1212.7049560546875,11.503016471862793,-138.85203552246094
2,7.149789810180664,56.21677780151367,-6.54094934463501,16.863109588623047
3,-0.6632993221282959,-597.4541015625,4.816456317901611,168.4534454345703
4,-2.7117257118225098,-134.09979248046875,-5.654481410980225,233.6624298095703
5,1.2521908283233643,-157.9293670654297,-0.4686497151851654,333.4939880371094
6,-7.5929274559021,-696.8328247070312,14.892406463623047,269.7691955566406
7,6.517820358276367,-412.21734619140625,-2.767920970916748,-214.0613250732422
8,5.911789894104004,109.75259399414062,-0.018198547884821892,-480.6571960449219
9,0.19218945503234863,47.841190338134766,-9.640183448791504,-179.82057189941406
10,-2.2322611808776855,-27.578718185424805,-0.6300289034843445,152.59567260742188
11,-9.739450454711914,-223.603759765625,7.00486946105957,269.01837158203125
12,2.722493886947632,-946.7010498046875,-10.873088836669922,302.7778015136719
13,-1.834930658340454,-1242.5526123046875,3.2971935272216797,352.07745361328125
14,-2.566399574279785,-713.4589233398438,-6.518029689788818,395.1870422363281
15,0.10767608880996704,-505.0265197753906,0.8894504308700562,433.8293762207031
16,-8.558164596557617,-710.138916015625,17.04010581970215,282.4386291503906
17,6.825270652770996,-393.9584655761719,-5.565575122833252,-217.21629333496094
18,5.382336616516113,153.73948669433594,-3.9426519870758057,-497.8876647949219
19,-0.1941833198070526,330.7648620605469,-10.750031471252441,-262.1627197265625
